0	2	-1	-1	-1	-1	-1	-1	-1	-1
0	4	3	-1	-1	-1	-1	-1	-1	-1
0	4	5	-1	-1	-1	-1	-1	-1	-1
0	4	5	6	10	7	8	3	-1	-1
0	4	5	6	10	9	8	3	-1	-1
0	4	5	6	7	10	9	8	3	-1
0	4	5	6	7	8	3	-1	-1	-1
0	4	8	3	-1	-1	-1	-1	-1	-1
0	4	8	7	10	1	6	5	-1	-1
0	4	8	7	10	6	5	-1	-1	-1
0	4	8	7	6	5	-1	-1	-1	-1
0	4	8	9	10	1	6	5	-1	-1
0	4	8	9	10	6	5	-1	-1	-1
0	4	8	9	10	7	6	5	-1	-1
0	4	9	10	1	6	5	-1	-1	-1
0	4	9	10	1	6	7	8	3	-1
0	4	9	10	6	5	-1	-1	-1	-1
0	4	9	10	6	7	8	3	-1	-1
0	4	9	10	7	6	5	-1	-1	-1
0	4	9	10	7	8	3	-1	-1	-1
0	4	9	8	3	-1	-1	-1	-1	-1
0	4	9	8	7	10	1	6	5	-1
0	4	9	8	7	10	6	5	-1	-1
0	4	9	8	7	6	5	-1	-1	-1
0	7	10	1	6	5	-1	-1	-1	-1
0	7	10	6	5	-1	-1	-1	-1	-1
0	7	10	6	5	4	3	-1	-1	-1
0	7	10	6	5	4	8	3	-1	-1
0	7	10	6	5	4	9	8	3	-1
0	7	10	9	4	3	-1	-1	-1	-1
0	7	10	9	4	5	-1	-1	-1	-1
0	7	10	9	4	8	3	-1	-1	-1
0	7	10	9	8	3	-1	-1	-1	-1
0	7	10	9	8	4	3	-1	-1	-1
0	7	10	9	8	4	5	-1	-1	-1
0	7	6	1	10	9	4	3	-1	-1
0	7	6	1	10	9	4	5	-1	-1
0	7	6	1	10	9	4	8	3	-1
0	7	6	1	10	9	8	3	-1	-1
0	7	6	1	10	9	8	4	3	-1
0	7	6	1	10	9	8	4	5	-1
0	7	6	10	9	4	3	-1	-1	-1
0	7	6	10	9	4	5	-1	-1	-1
0	7	6	10	9	4	8	3	-1	-1
0	7	6	10	9	8	3	-1	-1	-1
0	7	6	10	9	8	4	3	-1	-1
0	7	6	10	9	8	4	5	-1	-1
0	7	6	5	-1	-1	-1	-1	-1	-1
0	7	6	5	4	3	-1	-1	-1	-1
0	7	6	5	4	8	3	-1	-1	-1
0	7	6	5	4	9	8	3	-1	-1
0	7	8	3	-1	-1	-1	-1	-1	-1
0	7	8	4	3	-1	-1	-1	-1	-1
0	7	8	4	5	-1	-1	-1	-1	-1
0	7	8	4	9	10	1	6	5	-1
0	7	8	4	9	10	6	5	-1	-1
0	7	8	9	10	1	6	5	-1	-1
0	7	8	9	10	6	5	-1	-1	-1
0	7	8	9	10	6	5	4	3	-1
0	7	8	9	4	3	-1	-1	-1	-1
0	7	8	9	4	5	-1	-1	-1	-1
1	10	6	5	-1	-1	-1	-1	-1	-1
1	10	6	7	0	4	3	-1	-1	-1
1	10	6	7	0	4	5	-1	-1	-1
1	10	6	7	0	4	8	3	-1	-1
1	10	6	7	0	4	9	8	3	-1
1	10	6	7	8	3	-1	-1	-1	-1
1	10	6	7	8	4	3	-1	-1	-1
1	10	6	7	8	4	5	-1	-1	-1
1	10	6	7	8	9	4	3	-1	-1
1	10	6	7	8	9	4	5	-1	-1
1	10	7	0	4	3	-1	-1	-1	-1
1	10	7	0	4	5	-1	-1	-1	-1
1	10	7	0	4	8	3	-1	-1	-1
1	10	7	0	4	9	8	3	-1	-1
1	10	7	6	5	-1	-1	-1	-1	-1
1	10	7	8	3	-1	-1	-1	-1	-1
1	10	7	8	4	3	-1	-1	-1	-1
1	10	7	8	4	5	-1	-1	-1	-1
1	10	7	8	9	4	3	-1	-1	-1
1	10	7	8	9	4	5	-1	-1	-1
1	10	9	4	0	7	6	5	-1	-1
1	10	9	4	0	7	8	3	-1	-1
1	10	9	4	3	-1	-1	-1	-1	-1
1	10	9	4	5	-1	-1	-1	-1	-1
1	10	9	4	8	3	-1	-1	-1	-1
1	10	9	4	8	7	6	5	-1	-1
1	10	9	8	3	-1	-1	-1	-1	-1
1	10	9	8	4	0	7	6	5	-1
1	10	9	8	4	3	-1	-1	-1	-1
1	10	9	8	4	5	-1	-1	-1	-1
1	10	9	8	7	0	4	3	-1	-1
1	10	9	8	7	0	4	5	-1	-1
1	10	9	8	7	6	5	-1	-1	-1
1	6	10	7	0	4	3	-1	-1	-1
1	6	10	7	0	4	5	-1	-1	-1
1	6	10	7	0	4	8	3	-1	-1
1	6	10	7	0	4	9	8	3	-1
1	6	10	7	8	3	-1	-1	-1	-1
1	6	10	7	8	4	3	-1	-1	-1
1	6	10	7	8	4	5	-1	-1	-1
1	6	10	7	8	9	4	3	-1	-1
1	6	10	7	8	9	4	5	-1	-1
1	6	10	9	4	0	7	8	3	-1
1	6	10	9	4	3	-1	-1	-1	-1
1	6	10	9	4	5	-1	-1	-1	-1
1	6	10	9	4	8	3	-1	-1	-1
1	6	10	9	8	3	-1	-1	-1	-1
1	6	10	9	8	4	3	-1	-1	-1
1	6	10	9	8	4	5	-1	-1	-1
1	6	10	9	8	7	0	4	3	-1
1	6	10	9	8	7	0	4	5	-1
1	6	5	-1	-1	-1	-1	-1	-1	-1
1	6	7	0	4	3	-1	-1	-1	-1
1	6	7	0	4	5	-1	-1	-1	-1
1	6	7	0	4	8	3	-1	-1	-1
1	6	7	0	4	9	8	3	-1	-1
1	6	7	10	9	4	3	-1	-1	-1
1	6	7	10	9	4	5	-1	-1	-1
1	6	7	10	9	4	8	3	-1	-1
1	6	7	10	9	8	3	-1	-1	-1
1	6	7	10	9	8	4	3	-1	-1
1	6	7	10	9	8	4	5	-1	-1
1	6	7	8	3	-1	-1	-1	-1	-1
1	6	7	8	4	3	-1	-1	-1	-1
1	6	7	8	4	5	-1	-1	-1	-1
1	6	7	8	9	4	3	-1	-1	-1
1	6	7	8	9	4	5	-1	-1	-1
10	1	6	5	-1	-1	-1	-1	-1	-1
10	1	6	7	0	4	3	-1	-1	-1
10	1	6	7	0	4	5	-1	-1	-1
10	1	6	7	0	4	8	3	-1	-1
10	1	6	7	0	4	9	8	3	-1
10	1	6	7	8	3	-1	-1	-1	-1
10	1	6	7	8	4	3	-1	-1	-1
10	1	6	7	8	4	5	-1	-1	-1
10	1	6	7	8	9	4	3	-1	-1
10	1	6	7	8	9	4	5	-1	-1
10	6	5	-1	-1	-1	-1	-1	-1	-1
10	6	5	4	0	2	-1	-1	-1	-1
10	6	5	4	0	7	8	3	-1	-1
10	6	5	4	3	-1	-1	-1	-1	-1
10	6	5	4	8	3	-1	-1	-1	-1
10	6	5	4	8	7	0	2	-1	-1
10	6	5	4	9	8	3	-1	-1	-1
10	6	5	4	9	8	7	0	2	-1
10	6	7	0	2	-1	-1	-1	-1	-1
10	6	7	0	4	3	-1	-1	-1	-1
10	6	7	0	4	5	-1	-1	-1	-1
10	6	7	0	4	8	3	-1	-1	-1
10	6	7	0	4	9	8	3	-1	-1
10	6	7	8	3	-1	-1	-1	-1	-1
10	6	7	8	4	0	2	-1	-1	-1
10	6	7	8	4	3	-1	-1	-1	-1
10	6	7	8	4	5	-1	-1	-1	-1
10	6	7	8	9	4	0	2	-1	-1
10	6	7	8	9	4	3	-1	-1	-1
10	6	7	8	9	4	5	-1	-1	-1
10	7	0	2	-1	-1	-1	-1	-1	-1
10	7	0	4	3	-1	-1	-1	-1	-1
10	7	0	4	5	-1	-1	-1	-1	-1
10	7	0	4	8	3	-1	-1	-1	-1
10	7	0	4	9	8	3	-1	-1	-1
10	7	6	5	-1	-1	-1	-1	-1	-1
10	7	6	5	4	0	2	-1	-1	-1
10	7	6	5	4	3	-1	-1	-1	-1
10	7	6	5	4	8	3	-1	-1	-1
10	7	6	5	4	9	8	3	-1	-1
10	7	8	3	-1	-1	-1	-1	-1	-1
10	7	8	4	0	2	-1	-1	-1	-1
10	7	8	4	3	-1	-1	-1	-1	-1
10	7	8	4	5	-1	-1	-1	-1	-1
10	7	8	9	4	0	2	-1	-1	-1
10	7	8	9	4	3	-1	-1	-1	-1
10	7	8	9	4	5	-1	-1	-1	-1
10	9	4	0	2	-1	-1	-1	-1	-1
10	9	4	0	7	6	5	-1	-1	-1
10	9	4	0	7	8	3	-1	-1	-1
10	9	4	3	-1	-1	-1	-1	-1	-1
10	9	4	5	-1	-1	-1	-1	-1	-1
10	9	4	5	6	7	0	2	-1	-1
10	9	4	5	6	7	8	3	-1	-1
10	9	4	8	3	-1	-1	-1	-1	-1
10	9	4	8	7	0	2	-1	-1	-1
10	9	4	8	7	6	5	-1	-1	-1
10	9	8	3	-1	-1	-1	-1	-1	-1
10	9	8	4	0	2	-1	-1	-1	-1
10	9	8	4	0	7	6	5	-1	-1
10	9	8	4	3	-1	-1	-1	-1	-1
10	9	8	4	5	-1	-1	-1	-1	-1
10	9	8	4	5	6	7	0	2	-1
10	9	8	7	0	2	-1	-1	-1	-1
10	9	8	7	0	4	3	-1	-1	-1
10	9	8	7	0	4	5	-1	-1	-1
10	9	8	7	6	5	-1	-1	-1	-1
10	9	8	7	6	5	4	0	2	-1
10	9	8	7	6	5	4	3	-1	-1
4	0	2	-1	-1	-1	-1	-1	-1	-1
4	0	7	10	1	6	5	-1	-1	-1
4	0	7	10	6	5	-1	-1	-1	-1
4	0	7	10	9	8	3	-1	-1	-1
4	0	7	6	1	10	9	8	3	-1
4	0	7	6	10	9	8	3	-1	-1
4	0	7	6	5	-1	-1	-1	-1	-1
4	0	7	8	3	-1	-1	-1	-1	-1
4	0	7	8	9	10	1	6	5	-1
4	0	7	8	9	10	6	5	-1	-1
4	3	-1	-1	-1	-1	-1	-1	-1	-1
4	5	-1	-1	-1	-1	-1	-1	-1	-1
4	5	6	10	7	0	2	-1	-1	-1
4	5	6	10	7	8	3	-1	-1	-1
4	5	6	10	9	8	3	-1	-1	-1
4	5	6	10	9	8	7	0	2	-1
4	5	6	7	0	2	-1	-1	-1	-1
4	5	6	7	10	9	8	3	-1	-1
4	5	6	7	8	3	-1	-1	-1	-1
4	8	3	-1	-1	-1	-1	-1	-1	-1
4	8	7	0	2	-1	-1	-1	-1	-1
4	8	7	10	1	6	5	-1	-1	-1
4	8	7	10	6	5	-1	-1	-1	-1
4	8	7	6	5	-1	-1	-1	-1	-1
4	8	9	10	1	6	5	-1	-1	-1
4	8	9	10	6	5	-1	-1	-1	-1
4	8	9	10	6	7	0	2	-1	-1
4	8	9	10	7	0	2	-1	-1	-1
4	8	9	10	7	6	5	-1	-1	-1
4	9	10	1	6	5	-1	-1	-1	-1
4	9	10	1	6	7	8	3	-1	-1
4	9	10	6	5	-1	-1	-1	-1	-1
4	9	10	6	7	0	2	-1	-1	-1
4	9	10	6	7	8	3	-1	-1	-1
4	9	10	7	0	2	-1	-1	-1	-1
4	9	10	7	6	5	-1	-1	-1	-1
4	9	10	7	8	3	-1	-1	-1	-1
4	9	8	3	-1	-1	-1	-1	-1	-1
4	9	8	7	0	2	-1	-1	-1	-1
4	9	8	7	10	1	6	5	-1	-1
4	9	8	7	10	6	5	-1	-1	-1
4	9	8	7	6	5	-1	-1	-1	-1
5	4	0	2	-1	-1	-1	-1	-1	-1
5	4	0	7	10	9	8	3	-1	-1
5	4	0	7	6	10	9	8	3	-1
5	4	0	7	8	3	-1	-1	-1	-1
5	4	3	-1	-1	-1	-1	-1	-1	-1
5	4	8	3	-1	-1	-1	-1	-1	-1
5	4	8	7	0	2	-1	-1	-1	-1
5	4	8	9	10	6	7	0	2	-1
5	4	8	9	10	7	0	2	-1	-1
5	4	9	10	6	7	0	2	-1	-1
5	4	9	10	6	7	8	3	-1	-1
5	4	9	10	7	0	2	-1	-1	-1
5	4	9	10	7	8	3	-1	-1	-1
5	4	9	8	3	-1	-1	-1	-1	-1
5	4	9	8	7	0	2	-1	-1	-1
5	6	10	7	0	2	-1	-1	-1	-1
5	6	10	7	0	4	3	-1	-1	-1
5	6	10	7	0	4	8	3	-1	-1
5	6	10	7	0	4	9	8	3	-1
5	6	10	7	8	3	-1	-1	-1	-1
5	6	10	7	8	4	0	2	-1	-1
5	6	10	7	8	4	3	-1	-1	-1
5	6	10	7	8	9	4	0	2	-1
5	6	10	7	8	9	4	3	-1	-1
5	6	10	9	4	0	2	-1	-1	-1
5	6	10	9	4	0	7	8	3	-1
5	6	10	9	4	3	-1	-1	-1	-1
5	6	10	9	4	8	3	-1	-1	-1
5	6	10	9	4	8	7	0	2	-1
5	6	10	9	8	3	-1	-1	-1	-1
5	6	10	9	8	4	0	2	-1	-1
5	6	10	9	8	4	3	-1	-1	-1
5	6	10	9	8	7	0	2	-1	-1
5	6	10	9	8	7	0	4	3	-1
5	6	7	0	2	-1	-1	-1	-1	-1
5	6	7	0	4	3	-1	-1	-1	-1
5	6	7	0	4	8	3	-1	-1	-1
5	6	7	0	4	9	8	3	-1	-1
5	6	7	10	9	4	0	2	-1	-1
5	6	7	10	9	4	3	-1	-1	-1
5	6	7	10	9	4	8	3	-1	-1
5	6	7	10	9	8	3	-1	-1	-1
5	6	7	10	9	8	4	0	2	-1
5	6	7	10	9	8	4	3	-1	-1
5	6	7	8	3	-1	-1	-1	-1	-1
5	6	7	8	4	0	2	-1	-1	-1
5	6	7	8	4	3	-1	-1	-1	-1
5	6	7	8	9	4	0	2	-1	-1
5	6	7	8	9	4	3	-1	-1	-1
6	1	10	7	0	4	3	-1	-1	-1
6	1	10	7	0	4	5	-1	-1	-1
6	1	10	7	0	4	8	3	-1	-1
6	1	10	7	0	4	9	8	3	-1
6	1	10	7	8	3	-1	-1	-1	-1
6	1	10	7	8	4	3	-1	-1	-1
6	1	10	7	8	4	5	-1	-1	-1
6	1	10	7	8	9	4	3	-1	-1
6	1	10	7	8	9	4	5	-1	-1
6	1	10	9	4	0	7	8	3	-1
6	1	10	9	4	3	-1	-1	-1	-1
6	1	10	9	4	5	-1	-1	-1	-1
6	1	10	9	4	8	3	-1	-1	-1
6	1	10	9	8	3	-1	-1	-1	-1
6	1	10	9	8	4	3	-1	-1	-1
6	1	10	9	8	4	5	-1	-1	-1
6	1	10	9	8	7	0	4	3	-1
6	1	10	9	8	7	0	4	5	-1
6	10	7	0	2	-1	-1	-1	-1	-1
6	10	7	0	4	3	-1	-1	-1	-1
6	10	7	0	4	5	-1	-1	-1	-1
6	10	7	0	4	8	3	-1	-1	-1
6	10	7	0	4	9	8	3	-1	-1
6	10	7	8	3	-1	-1	-1	-1	-1
6	10	7	8	4	0	2	-1	-1	-1
6	10	7	8	4	3	-1	-1	-1	-1
6	10	7	8	4	5	-1	-1	-1	-1
6	10	7	8	9	4	0	2	-1	-1
6	10	7	8	9	4	3	-1	-1	-1
6	10	7	8	9	4	5	-1	-1	-1
6	10	9	4	0	2	-1	-1	-1	-1
6	10	9	4	0	7	8	3	-1	-1
6	10	9	4	3	-1	-1	-1	-1	-1
6	10	9	4	5	-1	-1	-1	-1	-1
6	10	9	4	8	3	-1	-1	-1	-1
6	10	9	4	8	7	0	2	-1	-1
6	10	9	8	3	-1	-1	-1	-1	-1
6	10	9	8	4	0	2	-1	-1	-1
6	10	9	8	4	3	-1	-1	-1	-1
6	10	9	8	4	5	-1	-1	-1	-1
6	10	9	8	7	0	2	-1	-1	-1
6	10	9	8	7	0	4	3	-1	-1
6	10	9	8	7	0	4	5	-1	-1
6	5	-1	-1	-1	-1	-1	-1	-1	-1
6	5	4	0	2	-1	-1	-1	-1	-1
6	5	4	0	7	10	9	8	3	-1
6	5	4	0	7	8	3	-1	-1	-1
6	5	4	3	-1	-1	-1	-1	-1	-1
6	5	4	8	3	-1	-1	-1	-1	-1
6	5	4	8	7	0	2	-1	-1	-1
6	5	4	8	9	10	7	0	2	-1
6	5	4	9	10	7	0	2	-1	-1
6	5	4	9	10	7	8	3	-1	-1
6	5	4	9	8	3	-1	-1	-1	-1
6	5	4	9	8	7	0	2	-1	-1
6	7	0	2	-1	-1	-1	-1	-1	-1
6	7	0	4	3	-1	-1	-1	-1	-1
6	7	0	4	5	-1	-1	-1	-1	-1
6	7	0	4	8	3	-1	-1	-1	-1
6	7	0	4	9	8	3	-1	-1	-1
6	7	10	9	4	0	2	-1	-1	-1
6	7	10	9	4	3	-1	-1	-1	-1
6	7	10	9	4	5	-1	-1	-1	-1
6	7	10	9	4	8	3	-1	-1	-1
6	7	10	9	8	3	-1	-1	-1	-1
6	7	10	9	8	4	0	2	-1	-1
6	7	10	9	8	4	3	-1	-1	-1
6	7	10	9	8	4	5	-1	-1	-1
6	7	8	3	-1	-1	-1	-1	-1	-1
6	7	8	4	0	2	-1	-1	-1	-1
6	7	8	4	3	-1	-1	-1	-1	-1
6	7	8	4	5	-1	-1	-1	-1	-1
6	7	8	9	4	0	2	-1	-1	-1
6	7	8	9	4	3	-1	-1	-1	-1
6	7	8	9	4	5	-1	-1	-1	-1
7	0	2	-1	-1	-1	-1	-1	-1	-1
7	0	4	3	-1	-1	-1	-1	-1	-1
7	0	4	5	-1	-1	-1	-1	-1	-1
7	0	4	5	6	10	9	8	3	-1
7	0	4	8	3	-1	-1	-1	-1	-1
7	0	4	8	9	10	1	6	5	-1
7	0	4	8	9	10	6	5	-1	-1
7	0	4	9	10	1	6	5	-1	-1
7	0	4	9	10	6	5	-1	-1	-1
7	0	4	9	8	3	-1	-1	-1	-1
7	10	1	6	5	-1	-1	-1	-1	-1
7	10	6	5	-1	-1	-1	-1	-1	-1
7	10	6	5	4	0	2	-1	-1	-1
7	10	6	5	4	3	-1	-1	-1	-1
7	10	6	5	4	8	3	-1	-1	-1
7	10	6	5	4	9	8	3	-1	-1
7	10	9	4	0	2	-1	-1	-1	-1
7	10	9	4	3	-1	-1	-1	-1	-1
7	10	9	4	5	-1	-1	-1	-1	-1
7	10	9	4	8	3	-1	-1	-1	-1
7	10	9	8	3	-1	-1	-1	-1	-1
7	10	9	8	4	0	2	-1	-1	-1
7	10	9	8	4	3	-1	-1	-1	-1
7	10	9	8	4	5	-1	-1	-1	-1
7	6	1	10	9	4	3	-1	-1	-1
7	6	1	10	9	4	5	-1	-1	-1
7	6	1	10	9	4	8	3	-1	-1
7	6	1	10	9	8	3	-1	-1	-1
7	6	1	10	9	8	4	3	-1	-1
7	6	1	10	9	8	4	5	-1	-1
7	6	10	9	4	0	2	-1	-1	-1
7	6	10	9	4	3	-1	-1	-1	-1
7	6	10	9	4	5	-1	-1	-1	-1
7	6	10	9	4	8	3	-1	-1	-1
7	6	10	9	8	3	-1	-1	-1	-1
7	6	10	9	8	4	0	2	-1	-1
7	6	10	9	8	4	3	-1	-1	-1
7	6	10	9	8	4	5	-1	-1	-1
7	6	5	-1	-1	-1	-1	-1	-1	-1
7	6	5	4	0	2	-1	-1	-1	-1
7	6	5	4	3	-1	-1	-1	-1	-1
7	6	5	4	8	3	-1	-1	-1	-1
7	6	5	4	9	8	3	-1	-1	-1
7	8	3	-1	-1	-1	-1	-1	-1	-1
7	8	4	0	2	-1	-1	-1	-1	-1
7	8	4	3	-1	-1	-1	-1	-1	-1
7	8	4	5	-1	-1	-1	-1	-1	-1
7	8	4	9	10	1	6	5	-1	-1
7	8	4	9	10	6	5	-1	-1	-1
7	8	9	10	1	6	5	-1	-1	-1
7	8	9	10	6	5	-1	-1	-1	-1
7	8	9	10	6	5	4	0	2	-1
7	8	9	10	6	5	4	3	-1	-1
7	8	9	4	0	2	-1	-1	-1	-1
7	8	9	4	3	-1	-1	-1	-1	-1
7	8	9	4	5	-1	-1	-1	-1	-1
8	3	-1	-1	-1	-1	-1	-1	-1	-1
8	4	0	2	-1	-1	-1	-1	-1	-1
8	4	0	7	10	1	6	5	-1	-1
8	4	0	7	10	6	5	-1	-1	-1
8	4	0	7	6	5	-1	-1	-1	-1
8	4	3	-1	-1	-1	-1	-1	-1	-1
8	4	5	-1	-1	-1	-1	-1	-1	-1
8	4	5	6	10	7	0	2	-1	-1
8	4	5	6	7	0	2	-1	-1	-1
8	4	9	10	1	6	5	-1	-1	-1
8	4	9	10	6	5	-1	-1	-1	-1
8	4	9	10	6	7	0	2	-1	-1
8	4	9	10	7	0	2	-1	-1	-1
8	4	9	10	7	6	5	-1	-1	-1
8	7	0	2	-1	-1	-1	-1	-1	-1
8	7	0	4	3	-1	-1	-1	-1	-1
8	7	0	4	5	-1	-1	-1	-1	-1
8	7	0	4	9	10	1	6	5	-1
8	7	0	4	9	10	6	5	-1	-1
8	7	10	1	6	5	-1	-1	-1	-1
8	7	10	6	5	-1	-1	-1	-1	-1
8	7	10	6	5	4	0	2	-1	-1
8	7	10	6	5	4	3	-1	-1	-1
8	7	10	9	4	0	2	-1	-1	-1
8	7	10	9	4	3	-1	-1	-1	-1
8	7	10	9	4	5	-1	-1	-1	-1
8	7	6	1	10	9	4	3	-1	-1
8	7	6	1	10	9	4	5	-1	-1
8	7	6	10	9	4	0	2	-1	-1
8	7	6	10	9	4	3	-1	-1	-1
8	7	6	10	9	4	5	-1	-1	-1
8	7	6	5	-1	-1	-1	-1	-1	-1
8	7	6	5	4	0	2	-1	-1	-1
8	7	6	5	4	3	-1	-1	-1	-1
8	9	10	1	6	5	-1	-1	-1	-1
8	9	10	1	6	7	0	4	3	-1
8	9	10	1	6	7	0	4	5	-1
8	9	10	6	5	-1	-1	-1	-1	-1
8	9	10	6	5	4	0	2	-1	-1
8	9	10	6	5	4	3	-1	-1	-1
8	9	10	6	7	0	2	-1	-1	-1
8	9	10	6	7	0	4	3	-1	-1
8	9	10	6	7	0	4	5	-1	-1
8	9	10	7	0	2	-1	-1	-1	-1
8	9	10	7	0	4	3	-1	-1	-1
8	9	10	7	0	4	5	-1	-1	-1
8	9	10	7	6	5	-1	-1	-1	-1
8	9	10	7	6	5	4	0	2	-1
8	9	10	7	6	5	4	3	-1	-1
8	9	4	0	2	-1	-1	-1	-1	-1
8	9	4	0	7	10	1	6	5	-1
8	9	4	0	7	10	6	5	-1	-1
8	9	4	0	7	6	5	-1	-1	-1
8	9	4	3	-1	-1	-1	-1	-1	-1
8	9	4	5	-1	-1	-1	-1	-1	-1
8	9	4	5	6	10	7	0	2	-1
8	9	4	5	6	7	0	2	-1	-1
9	10	1	6	5	-1	-1	-1	-1	-1
9	10	1	6	7	0	4	3	-1	-1
9	10	1	6	7	0	4	5	-1	-1
9	10	1	6	7	0	4	8	3	-1
9	10	1	6	7	8	3	-1	-1	-1
9	10	1	6	7	8	4	3	-1	-1
9	10	1	6	7	8	4	5	-1	-1
9	10	6	5	-1	-1	-1	-1	-1	-1
9	10	6	5	4	0	2	-1	-1	-1
9	10	6	5	4	0	7	8	3	-1
9	10	6	5	4	3	-1	-1	-1	-1
9	10	6	5	4	8	3	-1	-1	-1
9	10	6	5	4	8	7	0	2	-1
9	10	6	7	0	2	-1	-1	-1	-1
9	10	6	7	0	4	3	-1	-1	-1
9	10	6	7	0	4	5	-1	-1	-1
9	10	6	7	0	4	8	3	-1	-1
9	10	6	7	8	3	-1	-1	-1	-1
9	10	6	7	8	4	0	2	-1	-1
9	10	6	7	8	4	3	-1	-1	-1
9	10	6	7	8	4	5	-1	-1	-1
9	10	7	0	2	-1	-1	-1	-1	-1
9	10	7	0	4	3	-1	-1	-1	-1
9	10	7	0	4	5	-1	-1	-1	-1
9	10	7	0	4	8	3	-1	-1	-1
9	10	7	6	5	-1	-1	-1	-1	-1
9	10	7	6	5	4	0	2	-1	-1
9	10	7	6	5	4	3	-1	-1	-1
9	10	7	6	5	4	8	3	-1	-1
9	10	7	8	3	-1	-1	-1	-1	-1
9	10	7	8	4	0	2	-1	-1	-1
9	10	7	8	4	3	-1	-1	-1	-1
9	10	7	8	4	5	-1	-1	-1	-1
9	4	0	2	-1	-1	-1	-1	-1	-1
9	4	0	7	10	1	6	5	-1	-1
9	4	0	7	10	6	5	-1	-1	-1
9	4	0	7	6	5	-1	-1	-1	-1
9	4	0	7	8	3	-1	-1	-1	-1
9	4	3	-1	-1	-1	-1	-1	-1	-1
9	4	5	-1	-1	-1	-1	-1	-1	-1
9	4	5	6	10	7	0	2	-1	-1
9	4	5	6	10	7	8	3	-1	-1
9	4	5	6	7	0	2	-1	-1	-1
9	4	5	6	7	8	3	-1	-1	-1
9	4	8	3	-1	-1	-1	-1	-1	-1
9	4	8	7	0	2	-1	-1	-1	-1
9	4	8	7	10	1	6	5	-1	-1
9	4	8	7	10	6	5	-1	-1	-1
9	4	8	7	6	5	-1	-1	-1	-1
9	8	3	-1	-1	-1	-1	-1	-1	-1
9	8	4	0	2	-1	-1	-1	-1	-1
9	8	4	0	7	10	1	6	5	-1
9	8	4	0	7	10	6	5	-1	-1
9	8	4	0	7	6	5	-1	-1	-1
9	8	4	3	-1	-1	-1	-1	-1	-1
9	8	4	5	-1	-1	-1	-1	-1	-1
9	8	4	5	6	10	7	0	2	-1
9	8	4	5	6	7	0	2	-1	-1
9	8	7	0	2	-1	-1	-1	-1	-1
9	8	7	0	4	3	-1	-1	-1	-1
9	8	7	0	4	5	-1	-1	-1	-1
9	8	7	10	1	6	5	-1	-1	-1
9	8	7	10	6	5	-1	-1	-1	-1
9	8	7	10	6	5	4	0	2	-1
9	8	7	10	6	5	4	3	-1	-1
9	8	7	6	5	-1	-1	-1	-1	-1
9	8	7	6	5	4	0	2	-1	-1
9	8	7	6	5	4	3	-1	-1	-1