2.12873500246
2.48474125096
2.7141138687
3.0067372171
3.38238323399
3.5000813519
3.75457788029
3.96425686436
4.1503790035
4.20893867381
4.28443998356
4.3232340979
4.3614769398
4.38593935402
4.4073400931
4.42091150557
4.45719949373
4.49159842547
4.51525486518
4.51831603982
4.533931191
4.54955990996
4.55422569325
4.56175731982
4.57597448901
4.56711639669
4.58909130544
4.58756997805
4.5779302455
4.57421016912
4.56364344538
4.5752717642
4.56578144187
4.57062736461
4.58831096911
4.59179984037
4.58523825631
4.5905238612
4.60254864755
4.61330309749
4.62868865301
4.63362631506
4.64996151649
4.66185894987
4.69500138932
4.66413623611
4.6818464571
4.67021166885
4.66892913074
4.66679215792
4.66104137733
4.68936903084
4.70263484364
4.71533631959
4.68983740653
4.71445890061
4.68432227326
4.7070104932
4.71376414347
4.73578066744
4.69057301492
4.69365160896
4.70852839644
4.71784046782
