17.6422018528
18.635430761
19.6093174269
20.4033143739
21.1088478033
21.8413109601
22.5372997038
23.0708535136
23.410323204
23.851933498
24.062538305
24.2795639715
24.392870289
24.4742937407
24.515558468
24.6155077072
24.634325187
24.6883944343
24.81257954
24.9181012328
24.9313450674
24.9618735052
24.9866763613
24.9942327115
25.0999583218
25.0833449239
25.0911186631
25.1086940794
25.1304002555
25.133946377
25.1215971404
25.2159190114
25.2825521985
25.3195234979
25.33401131
25.4156920326
25.3864700815
25.43167627064
25.4823934046
25.5393370731
25.4260949585
25.5845180775
25.471997517
25.5627591245
25.5839309567
25.5858586651
25.6875075244
25.5314329445
25.6120087615
25.667296111
25.5894406337
25.6937525444
25.6971032736
25.7271583162
25.6970756355
25.6946880832
25.7819668253
25.7486519086
25.7747002095
25.8026104767
25.787517181
25.7845197851
25.7717497753
25.7829333669
