1.13772981442
1.17558170074
1.20455744623
1.22494688964
1.24228768674
1.26510621447
1.2735959349
1.27923536938
1.28392858177
1.28820105631
1.28895063958
1.29090603313
1.29317204069
1.29443041447
1.2963027782
1.29760152364
1.2992280081
1.30274836165
1.30402303819
1.3050482086
1.30618612382
1.30712331712
1.30817238537
1.30846088142
1.30849769128
1.30887501567
1.30793015069
1.30727456984
1.30842276825
1.30991478217
1.31190634926
1.31378697244
1.31487514889
1.31493140554
1.31736188277
1.31761984796
1.31846112484
1.31810631381
1.31780634199
1.31841363859
1.31712813032
1.31820861946
1.31751577612
1.3188880992
1.31984655997
1.31985228079
1.32028810006
1.32368123575
1.32450725091
1.32542925128
1.32320061622
1.32533207662
1.32645911515
1.32529334831
1.32738459349
1.32876264744
1.32616542957
1.32636688723
1.32711148716
1.32917253809
1.32799975494
1.32717760936
1.32628908421
1.32685431813
