0.330227534721
0.403912058441
0.461868612862
0.525457440525
0.570300873793
0.6255839042
0.6753467059
0.717907464497
0.751974140012
0.78267428543
0.816779691039
0.8389264032
0.85287570689
0.86974190252
0.876304140924
0.885330973665
0.895113617008
0.902012734097
0.917770553285
0.910439210742
0.919037098545
0.91393109304
0.920326897154
0.928638007735
0.927756927922
0.920363620116
0.920996345204
0.92157920205
0.9286615112
0.930289961377
0.939606517539
0.936330872033
0.93051979935
0.938571551111
0.93664614042
0.932111218031
0.931390750488
0.931698162348
0.933269133047
0.933769905458
0.93208161465
0.934749230135
0.936032216819
0.935779360711
0.936925751221
0.936606953491
0.938396442649
0.935289390378
0.939327639877
0.939576084554
0.935850035267
0.936851376954
0.931067590545
0.930129549585
0.937155262541
0.930960252649
0.937443828541
0.937274739222
0.93807648837
0.93921786964
0.937599999995
0.935635347289
0.93343028849
0.931936168441
