0   0   0   130873237   0   0   0   0   68361248   88796808   0   0   0   105415507   0
0   0   0   0   0   0   0   0   0   247724158   213793956   0   0   0   0
0   0   0   531348208   0   0   500690553   0   0   0   462807793   0   0   774514426   0
57369830   0   772112778   0   0   0   0   0   0   0   0   0   0   0   0
0   0   0   0   0   269983535   0   0   0   465267764   0   0   0   0   0
0   0   276474416   0   64539857   0   0   0   0   0   0   0   0   0   0
0   0   0   0   625227459   0   0   0   10690208   0   0   146161839   0   0   0
0   0   0   0   0   0   0   0   0   0   0   0   340798229   0   135386439
44604203   0   0   0   0   0   258335208   0   0   0   0   0   0   451148303   0
33190703   33431972   0   0   0   0   0   0   0   0   0   764399910   135527319   0   0
0   384741614   380836062   0   0   0   0   0   0   0   0   0   0   0   0
0  0  0  0  0  0  0  0  0  0  0  0  0  0  0
0   0   0   0   0   0   0   406632485   0   72049842   0   0   0   456056676   0
221328536   0   840663351   0   0   0   0   0   485260394   0   0   0   405037236   0   0
0   0   0   0   0   0   0   50843801   0   0   0   412599031   0   0   0
