0	3	-1	-1	-1	-1	-1	-1	-1	-1	-1	-1	-1	-1
0	3	2	-1	-1	-1	-1	-1	-1	-1	-1	-1	-1	-1
0	3	2	5	-1	-1	-1	-1	-1	-1	-1	-1	-1	-1
0	3	2	5	4	6	-1	-1	-1	-1	-1	-1	-1	-1
0	3	2	9	-1	-1	-1	-1	-1	-1	-1	-1	-1	-1
0	3	2	9	1	10	-1	-1	-1	-1	-1	-1	-1	-1
0	3	2	9	11	14	-1	-1	-1	-1	-1	-1	-1	-1
0	3	2	10	-1	-1	-1	-1	-1	-1	-1	-1	-1	-1
0	3	2	11	-1	-1	-1	-1	-1	-1	-1	-1	-1	-1
0	8	-1	-1	-1	-1	-1	-1	-1	-1	-1	-1	-1	-1
0	8	4	-1	-1	-1	-1	-1	-1	-1	-1	-1	-1	-1
0	8	4	5	-1	-1	-1	-1	-1	-1	-1	-1	-1	-1
0	8	4	5	2	9	11	-1	-1	-1	-1	-1	-1	-1
0	8	4	6	2	10	-1	-1	-1	-1	-1	-1	-1	-1
0	8	4	9	12	-1	-1	-1	-1	-1	-1	-1	-1	-1
0	8	6	-1	-1	-1	-1	-1	-1	-1	-1	-1	-1	-1
0	8	6	2	-1	-1	-1	-1	-1	-1	-1	-1	-1	-1
0	8	6	2	10	-1	-1	-1	-1	-1	-1	-1	-1	-1
0	8	6	2	13	12	9	11	-1	-1	-1	-1	-1	-1
0	8	6	4	-1	-1	-1	-1	-1	-1	-1	-1	-1	-1
0	8	6	4	5	2	9	12	-1	-1	-1	-1	-1	-1
0	8	6	4	9	-1	-1	-1	-1	-1	-1	-1	-1	-1
0	8	6	4	9	1	-1	-1	-1	-1	-1	-1	-1	-1
0	8	6	4	9	11	-1	-1	-1	-1	-1	-1	-1	-1
0	8	6	11	2	10	-1	-1	-1	-1	-1	-1	-1	-1
0	8	13	-1	-1	-1	-1	-1	-1	-1	-1	-1	-1	-1
0	8	13	2	5	-1	-1	-1	-1	-1	-1	-1	-1	-1
0	8	13	2	11	9	-1	-1	-1	-1	-1	-1	-1	-1
0	8	13	12	-1	-1	-1	-1	-1	-1	-1	-1	-1	-1
0	8	13	12	7	-1	-1	-1	-1	-1	-1	-1	-1	-1
0	9	-1	-1	-1	-1	-1	-1	-1	-1	-1	-1	-1	-1
0	9	1	-1	-1	-1	-1	-1	-1	-1	-1	-1	-1	-1
0	9	1	10	-1	-1	-1	-1	-1	-1	-1	-1	-1	-1
0	9	2	-1	-1	-1	-1	-1	-1	-1	-1	-1	-1	-1
0	9	2	10	-1	-1	-1	-1	-1	-1	-1	-1	-1	-1
0	9	4	5	2	13	-1	-1	-1	-1	-1	-1	-1	-1
0	9	4	6	-1	-1	-1	-1	-1	-1	-1	-1	-1	-1
0	9	4	8	-1	-1	-1	-1	-1	-1	-1	-1	-1	-1
0	9	4	8	6	2	-1	-1	-1	-1	-1	-1	-1	-1
0	9	11	2	-1	-1	-1	-1	-1	-1	-1	-1	-1	-1
0	9	11	6	4	8	13	-1	-1	-1	-1	-1	-1	-1
0	9	11	6	8	4	5	2	-1	-1	-1	-1	-1	-1
0	9	12	-1	-1	-1	-1	-1	-1	-1	-1	-1	-1	-1
0	9	12	7	-1	-1	-1	-1	-1	-1	-1	-1	-1	-1
0	13	-1	-1	-1	-1	-1	-1	-1	-1	-1	-1	-1	-1
0	13	2	3	-1	-1	-1	-1	-1	-1	-1	-1	-1	-1
0	13	2	11	-1	-1	-1	-1	-1	-1	-1	-1	-1	-1
0	13	2	11	14	7	-1	-1	-1	-1	-1	-1	-1	-1
0	13	8	-1	-1	-1	-1	-1	-1	-1	-1	-1	-1	-1
0	13	8	4	-1	-1	-1	-1	-1	-1	-1	-1	-1	-1
0	13	8	6	-1	-1	-1	-1	-1	-1	-1	-1	-1	-1
0	13	8	6	11	14	7	-1	-1	-1	-1	-1	-1	-1
0	13	12	-1	-1	-1	-1	-1	-1	-1	-1	-1	-1	-1
0	13	12	9	-1	-1	-1	-1	-1	-1	-1	-1	-1	-1
0	13	12	9	4	-1	-1	-1	-1	-1	-1	-1	-1	-1
0	13	12	9	11	6	-1	-1	-1	-1	-1	-1	-1	-1
1	9	-1	-1	-1	-1	-1	-1	-1	-1	-1	-1	-1	-1
1	9	0	-1	-1	-1	-1	-1	-1	-1	-1	-1	-1	-1
1	9	0	3	-1	-1	-1	-1	-1	-1	-1	-1	-1	-1
1	9	0	3	2	13	-1	-1	-1	-1	-1	-1	-1	-1
1	9	0	8	-1	-1	-1	-1	-1	-1	-1	-1	-1	-1
1	9	0	13	-1	-1	-1	-1	-1	-1	-1	-1	-1	-1
1	9	0	13	8	-1	-1	-1	-1	-1	-1	-1	-1	-1
1	9	0	13	8	6	-1	-1	-1	-1	-1	-1	-1	-1
1	9	2	-1	-1	-1	-1	-1	-1	-1	-1	-1	-1	-1
1	9	2	3	-1	-1	-1	-1	-1	-1	-1	-1	-1	-1
1	9	2	3	0	13	-1	-1	-1	-1	-1	-1	-1	-1
1	9	2	6	4	8	-1	-1	-1	-1	-1	-1	-1	-1
1	9	2	10	-1	-1	-1	-1	-1	-1	-1	-1	-1	-1
1	9	2	11	6	-1	-1	-1	-1	-1	-1	-1	-1	-1
1	9	2	13	12	7	-1	-1	-1	-1	-1	-1	-1	-1
1	9	2	13	12	7	14	11	6	-1	-1	-1	-1	-1
1	9	4	-1	-1	-1	-1	-1	-1	-1	-1	-1	-1	-1
1	9	4	5	-1	-1	-1	-1	-1	-1	-1	-1	-1	-1
1	9	4	5	2	3	0	-1	-1	-1	-1	-1	-1	-1
1	9	4	6	-1	-1	-1	-1	-1	-1	-1	-1	-1	-1
1	9	4	6	2	5	-1	-1	-1	-1	-1	-1	-1	-1
1	9	4	6	8	-1	-1	-1	-1	-1	-1	-1	-1	-1
1	9	4	8	0	-1	-1	-1	-1	-1	-1	-1	-1	-1
1	9	4	8	6	2	3	0	-1	-1	-1	-1	-1	-1
1	9	11	-1	-1	-1	-1	-1	-1	-1	-1	-1	-1	-1
1	9	11	2	13	0	8	-1	-1	-1	-1	-1	-1	-1
1	9	11	6	-1	-1	-1	-1	-1	-1	-1	-1	-1	-1
1	9	11	6	4	-1	-1	-1	-1	-1	-1	-1	-1	-1
1	9	12	-1	-1	-1	-1	-1	-1	-1	-1	-1	-1	-1
1	9	12	13	0	-1	-1	-1	-1	-1	-1	-1	-1	-1
1	10	-1	-1	-1	-1	-1	-1	-1	-1	-1	-1	-1	-1
1	10	2	3	0	-1	-1	-1	-1	-1	-1	-1	-1	-1
1	10	2	3	0	9	11	-1	-1	-1	-1	-1	-1	-1
1	10	2	5	-1	-1	-1	-1	-1	-1	-1	-1	-1	-1
1	10	2	6	-1	-1	-1	-1	-1	-1	-1	-1	-1	-1
1	10	2	6	4	9	-1	-1	-1	-1	-1	-1	-1	-1
1	10	2	9	-1	-1	-1	-1	-1	-1	-1	-1	-1	-1
1	10	2	9	0	8	-1	-1	-1	-1	-1	-1	-1	-1
1	10	2	13	12	-1	-1	-1	-1	-1	-1	-1	-1	-1
1	10	2	13	12	7	14	-1	-1	-1	-1	-1	-1	-1
2	3	-1	-1	-1	-1	-1	-1	-1	-1	-1	-1	-1	-1
2	3	0	-1	-1	-1	-1	-1	-1	-1	-1	-1	-1	-1
2	3	0	8	4	9	11	-1	-1	-1	-1	-1	-1	-1
2	3	0	8	6	-1	-1	-1	-1	-1	-1	-1	-1	-1
2	3	0	9	-1	-1	-1	-1	-1	-1	-1	-1	-1	-1
2	3	0	9	4	6	-1	-1	-1	-1	-1	-1	-1	-1
2	3	0	9	11	-1	-1	-1	-1	-1	-1	-1	-1	-1
2	3	0	13	-1	-1	-1	-1	-1	-1	-1	-1	-1	-1
2	3	0	13	8	4	-1	-1	-1	-1	-1	-1	-1	-1
2	5	-1	-1	-1	-1	-1	-1	-1	-1	-1	-1	-1	-1
2	5	4	-1	-1	-1	-1	-1	-1	-1	-1	-1	-1	-1
2	5	4	6	8	13	0	3	-1	-1	-1	-1	-1	-1
2	5	4	6	11	-1	-1	-1	-1	-1	-1	-1	-1	-1
2	5	4	8	-1	-1	-1	-1	-1	-1	-1	-1	-1	-1
2	5	4	8	0	3	-1	-1	-1	-1	-1	-1	-1	-1
2	5	4	9	-1	-1	-1	-1	-1	-1	-1	-1	-1	-1
2	6	-1	-1	-1	-1	-1	-1	-1	-1	-1	-1	-1	-1
2	6	4	-1	-1	-1	-1	-1	-1	-1	-1	-1	-1	-1
2	6	8	-1	-1	-1	-1	-1	-1	-1	-1	-1	-1	-1
2	6	8	0	9	4	-1	-1	-1	-1	-1	-1	-1	-1
2	6	8	4	9	-1	-1	-1	-1	-1	-1	-1	-1	-1
2	6	11	-1	-1	-1	-1	-1	-1	-1	-1	-1	-1	-1
2	6	11	9	4	-1	-1	-1	-1	-1	-1	-1	-1	-1
2	6	11	9	12	-1	-1	-1	-1	-1	-1	-1	-1	-1
2	6	11	14	-1	-1	-1	-1	-1	-1	-1	-1	-1	-1
2	6	11	14	7	12	-1	-1	-1	-1	-1	-1	-1	-1
2	9	-1	-1	-1	-1	-1	-1	-1	-1	-1	-1	-1	-1
2	9	0	-1	-1	-1	-1	-1	-1	-1	-1	-1	-1	-1
2	9	0	3	-1	-1	-1	-1	-1	-1	-1	-1	-1	-1
2	9	0	13	-1	-1	-1	-1	-1	-1	-1	-1	-1	-1
2	9	0	13	8	-1	-1	-1	-1	-1	-1	-1	-1	-1
2	9	1	-1	-1	-1	-1	-1	-1	-1	-1	-1	-1	-1
2	9	1	10	-1	-1	-1	-1	-1	-1	-1	-1	-1	-1
2	9	4	5	-1	-1	-1	-1	-1	-1	-1	-1	-1	-1
2	9	4	6	8	13	-1	-1	-1	-1	-1	-1	-1	-1
2	9	4	8	-1	-1	-1	-1	-1	-1	-1	-1	-1	-1
2	9	4	8	6	-1	-1	-1	-1	-1	-1	-1	-1	-1
2	9	4	8	6	11	-1	-1	-1	-1	-1	-1	-1	-1
2	9	11	-1	-1	-1	-1	-1	-1	-1	-1	-1	-1	-1
2	9	11	6	4	5	-1	-1	-1	-1	-1	-1	-1	-1
2	9	12	-1	-1	-1	-1	-1	-1	-1	-1	-1	-1	-1
2	9	12	7	-1	-1	-1	-1	-1	-1	-1	-1	-1	-1
2	9	12	7	14	-1	-1	-1	-1	-1	-1	-1	-1	-1
2	9	12	13	-1	-1	-1	-1	-1	-1	-1	-1	-1	-1
2	9	12	13	8	-1	-1	-1	-1	-1	-1	-1	-1	-1
2	10	-1	-1	-1	-1	-1	-1	-1	-1	-1	-1	-1	-1
2	10	1	-1	-1	-1	-1	-1	-1	-1	-1	-1	-1	-1
2	10	1	9	-1	-1	-1	-1	-1	-1	-1	-1	-1	-1
2	10	1	9	4	-1	-1	-1	-1	-1	-1	-1	-1	-1
2	10	1	9	11	-1	-1	-1	-1	-1	-1	-1	-1	-1
2	10	1	9	11	14	-1	-1	-1	-1	-1	-1	-1	-1
2	10	1	9	11	14	7	-1	-1	-1	-1	-1	-1	-1
2	11	-1	-1	-1	-1	-1	-1	-1	-1	-1	-1	-1	-1
2	11	6	-1	-1	-1	-1	-1	-1	-1	-1	-1	-1	-1
2	11	6	8	4	-1	-1	-1	-1	-1	-1	-1	-1	-1
2	11	9	0	13	-1	-1	-1	-1	-1	-1	-1	-1	-1
2	11	9	1	-1	-1	-1	-1	-1	-1	-1	-1	-1	-1
2	11	9	4	-1	-1	-1	-1	-1	-1	-1	-1	-1	-1
2	11	9	12	-1	-1	-1	-1	-1	-1	-1	-1	-1	-1
2	11	9	12	13	8	4	-1	-1	-1	-1	-1	-1	-1
2	11	9	12	13	8	6	-1	-1	-1	-1	-1	-1	-1
2	11	14	-1	-1	-1	-1	-1	-1	-1	-1	-1	-1	-1
2	11	14	7	-1	-1	-1	-1	-1	-1	-1	-1	-1	-1
2	13	-1	-1	-1	-1	-1	-1	-1	-1	-1	-1	-1	-1
2	13	0	-1	-1	-1	-1	-1	-1	-1	-1	-1	-1	-1
2	13	0	3	-1	-1	-1	-1	-1	-1	-1	-1	-1	-1
2	13	0	8	-1	-1	-1	-1	-1	-1	-1	-1	-1	-1
2	13	0	8	4	-1	-1	-1	-1	-1	-1	-1	-1	-1
2	13	0	8	6	-1	-1	-1	-1	-1	-1	-1	-1	-1
2	13	0	9	-1	-1	-1	-1	-1	-1	-1	-1	-1	-1
2	13	8	-1	-1	-1	-1	-1	-1	-1	-1	-1	-1	-1
2	13	8	0	-1	-1	-1	-1	-1	-1	-1	-1	-1	-1
2	13	8	0	3	-1	-1	-1	-1	-1	-1	-1	-1	-1
2	13	8	4	-1	-1	-1	-1	-1	-1	-1	-1	-1	-1
2	13	8	6	-1	-1	-1	-1	-1	-1	-1	-1	-1	-1
2	13	12	-1	-1	-1	-1	-1	-1	-1	-1	-1	-1	-1
2	13	12	7	-1	-1	-1	-1	-1	-1	-1	-1	-1	-1
2	13	12	9	4	-1	-1	-1	-1	-1	-1	-1	-1	-1
3	0	-1	-1	-1	-1	-1	-1	-1	-1	-1	-1	-1	-1
3	0	8	-1	-1	-1	-1	-1	-1	-1	-1	-1	-1	-1
3	0	8	6	4	5	2	9	1	-1	-1	-1	-1	-1
3	0	8	6	4	9	11	14	-1	-1	-1	-1	-1	-1
3	0	9	1	-1	-1	-1	-1	-1	-1	-1	-1	-1	-1
3	0	9	2	-1	-1	-1	-1	-1	-1	-1	-1	-1	-1
3	0	9	2	5	-1	-1	-1	-1	-1	-1	-1	-1	-1
3	0	9	4	5	2	13	-1	-1	-1	-1	-1	-1	-1
3	0	9	4	6	8	-1	-1	-1	-1	-1	-1	-1	-1
3	0	9	12	-1	-1	-1	-1	-1	-1	-1	-1	-1	-1
3	0	13	-1	-1	-1	-1	-1	-1	-1	-1	-1	-1	-1
3	0	13	8	-1	-1	-1	-1	-1	-1	-1	-1	-1	-1
3	0	13	8	6	2	-1	-1	-1	-1	-1	-1	-1	-1
3	0	13	12	9	-1	-1	-1	-1	-1	-1	-1	-1	-1
3	2	-1	-1	-1	-1	-1	-1	-1	-1	-1	-1	-1	-1
3	2	5	-1	-1	-1	-1	-1	-1	-1	-1	-1	-1	-1
3	2	5	4	-1	-1	-1	-1	-1	-1	-1	-1	-1	-1
3	2	6	-1	-1	-1	-1	-1	-1	-1	-1	-1	-1	-1
3	2	6	4	9	-1	-1	-1	-1	-1	-1	-1	-1	-1
3	2	6	8	-1	-1	-1	-1	-1	-1	-1	-1	-1	-1
3	2	6	8	13	0	-1	-1	-1	-1	-1	-1	-1	-1
3	2	9	4	-1	-1	-1	-1	-1	-1	-1	-1	-1	-1
3	2	9	11	-1	-1	-1	-1	-1	-1	-1	-1	-1	-1
3	2	9	12	-1	-1	-1	-1	-1	-1	-1	-1	-1	-1
3	2	10	-1	-1	-1	-1	-1	-1	-1	-1	-1	-1	-1
3	2	11	-1	-1	-1	-1	-1	-1	-1	-1	-1	-1	-1
3	2	11	6	-1	-1	-1	-1	-1	-1	-1	-1	-1	-1
3	2	11	6	4	-1	-1	-1	-1	-1	-1	-1	-1	-1
3	2	11	6	4	8	13	12	9	-1	-1	-1	-1	-1
3	2	11	14	7	12	13	8	-1	-1	-1	-1	-1	-1
3	2	13	-1	-1	-1	-1	-1	-1	-1	-1	-1	-1	-1
3	2	13	0	9	12	-1	-1	-1	-1	-1	-1	-1	-1
3	2	13	8	-1	-1	-1	-1	-1	-1	-1	-1	-1	-1
3	2	13	8	6	11	-1	-1	-1	-1	-1	-1	-1	-1
3	2	13	12	-1	-1	-1	-1	-1	-1	-1	-1	-1	-1
3	2	13	12	7	-1	-1	-1	-1	-1	-1	-1	-1	-1
4	5	-1	-1	-1	-1	-1	-1	-1	-1	-1	-1	-1	-1
4	5	2	3	-1	-1	-1	-1	-1	-1	-1	-1	-1	-1
4	5	2	3	0	-1	-1	-1	-1	-1	-1	-1	-1	-1
4	5	2	9	1	-1	-1	-1	-1	-1	-1	-1	-1	-1
4	5	2	9	11	14	-1	-1	-1	-1	-1	-1	-1	-1
4	5	2	10	-1	-1	-1	-1	-1	-1	-1	-1	-1	-1
4	5	2	10	1	-1	-1	-1	-1	-1	-1	-1	-1	-1
4	5	2	11	-1	-1	-1	-1	-1	-1	-1	-1	-1	-1
4	5	2	11	6	-1	-1	-1	-1	-1	-1	-1	-1	-1
4	5	2	13	-1	-1	-1	-1	-1	-1	-1	-1	-1	-1
4	5	2	13	12	-1	-1	-1	-1	-1	-1	-1	-1	-1
4	6	-1	-1	-1	-1	-1	-1	-1	-1	-1	-1	-1	-1
4	6	2	-1	-1	-1	-1	-1	-1	-1	-1	-1	-1	-1
4	6	2	9	-1	-1	-1	-1	-1	-1	-1	-1	-1	-1
4	6	2	9	12	7	14	-1	-1	-1	-1	-1	-1	-1
4	6	2	10	-1	-1	-1	-1	-1	-1	-1	-1	-1	-1
4	6	2	11	-1	-1	-1	-1	-1	-1	-1	-1	-1	-1
4	6	2	11	14	-1	-1	-1	-1	-1	-1	-1	-1	-1
4	6	2	13	-1	-1	-1	-1	-1	-1	-1	-1	-1	-1
4	6	2	13	0	9	1	-1	-1	-1	-1	-1	-1	-1
4	6	8	-1	-1	-1	-1	-1	-1	-1	-1	-1	-1	-1
4	6	8	0	-1	-1	-1	-1	-1	-1	-1	-1	-1	-1
4	6	8	0	9	12	13	-1	-1	-1	-1	-1	-1	-1
4	6	8	13	-1	-1	-1	-1	-1	-1	-1	-1	-1	-1
4	6	8	13	0	9	-1	-1	-1	-1	-1	-1	-1	-1
4	6	8	13	2	-1	-1	-1	-1	-1	-1	-1	-1	-1
4	6	8	13	2	3	-1	-1	-1	-1	-1	-1	-1	-1
4	6	11	-1	-1	-1	-1	-1	-1	-1	-1	-1	-1	-1
4	6	11	2	9	1	10	-1	-1	-1	-1	-1	-1	-1
4	6	11	2	10	-1	-1	-1	-1	-1	-1	-1	-1	-1
4	6	11	9	2	5	-1	-1	-1	-1	-1	-1	-1	-1
4	6	11	14	-1	-1	-1	-1	-1	-1	-1	-1	-1	-1
4	8	-1	-1	-1	-1	-1	-1	-1	-1	-1	-1	-1	-1
4	8	0	-1	-1	-1	-1	-1	-1	-1	-1	-1	-1	-1
4	8	0	3	-1	-1	-1	-1	-1	-1	-1	-1	-1	-1
4	8	0	3	2	9	1	10	-1	-1	-1	-1	-1	-1
4	8	0	9	1	10	-1	-1	-1	-1	-1	-1	-1	-1
4	8	0	9	11	-1	-1	-1	-1	-1	-1	-1	-1	-1
4	8	6	11	2	9	-1	-1	-1	-1	-1	-1	-1	-1
4	8	13	-1	-1	-1	-1	-1	-1	-1	-1	-1	-1	-1
4	8	13	0	-1	-1	-1	-1	-1	-1	-1	-1	-1	-1
4	8	13	0	3	2	-1	-1	-1	-1	-1	-1	-1	-1
4	8	13	2	5	-1	-1	-1	-1	-1	-1	-1	-1	-1
4	8	13	2	10	-1	-1	-1	-1	-1	-1	-1	-1	-1
4	8	13	2	11	-1	-1	-1	-1	-1	-1	-1	-1	-1
4	8	13	12	-1	-1	-1	-1	-1	-1	-1	-1	-1	-1
4	8	13	12	7	-1	-1	-1	-1	-1	-1	-1	-1	-1
4	8	13	12	9	0	3	-1	-1	-1	-1	-1	-1	-1
4	9	-1	-1	-1	-1	-1	-1	-1	-1	-1	-1	-1	-1
4	9	0	8	13	12	7	-1	-1	-1	-1	-1	-1	-1
4	9	1	-1	-1	-1	-1	-1	-1	-1	-1	-1	-1	-1
4	9	1	10	2	5	-1	-1	-1	-1	-1	-1	-1	-1
4	9	2	-1	-1	-1	-1	-1	-1	-1	-1	-1	-1	-1
4	9	2	3	0	8	13	12	7	-1	-1	-1	-1	-1
4	9	2	5	-1	-1	-1	-1	-1	-1	-1	-1	-1	-1
4	9	2	10	-1	-1	-1	-1	-1	-1	-1	-1	-1	-1
4	9	2	11	-1	-1	-1	-1	-1	-1	-1	-1	-1	-1
4	9	2	13	12	-1	-1	-1	-1	-1	-1	-1	-1	-1
4	9	11	-1	-1	-1	-1	-1	-1	-1	-1	-1	-1	-1
4	9	11	2	5	-1	-1	-1	-1	-1	-1	-1	-1	-1
4	9	11	6	-1	-1	-1	-1	-1	-1	-1	-1	-1	-1
4	9	11	6	2	-1	-1	-1	-1	-1	-1	-1	-1	-1
4	9	11	6	2	10	-1	-1	-1	-1	-1	-1	-1	-1
4	9	11	14	7	-1	-1	-1	-1	-1	-1	-1	-1	-1
4	9	11	14	7	12	13	-1	-1	-1	-1	-1	-1	-1
4	9	12	-1	-1	-1	-1	-1	-1	-1	-1	-1	-1	-1
4	9	12	7	-1	-1	-1	-1	-1	-1	-1	-1	-1	-1
4	9	12	7	14	-1	-1	-1	-1	-1	-1	-1	-1	-1
4	9	12	13	-1	-1	-1	-1	-1	-1	-1	-1	-1	-1
4	9	12	13	2	11	6	-1	-1	-1	-1	-1	-1	-1
5	2	-1	-1	-1	-1	-1	-1	-1	-1	-1	-1	-1	-1
5	2	3	-1	-1	-1	-1	-1	-1	-1	-1	-1	-1	-1
5	2	3	0	-1	-1	-1	-1	-1	-1	-1	-1	-1	-1
5	2	3	0	8	-1	-1	-1	-1	-1	-1	-1	-1	-1
5	2	3	0	9	-1	-1	-1	-1	-1	-1	-1	-1	-1
5	2	3	0	9	12	13	-1	-1	-1	-1	-1	-1	-1
5	2	6	4	-1	-1	-1	-1	-1	-1	-1	-1	-1	-1
5	2	6	4	8	13	-1	-1	-1	-1	-1	-1	-1	-1
5	2	6	8	13	-1	-1	-1	-1	-1	-1	-1	-1	-1
5	2	6	11	9	12	-1	-1	-1	-1	-1	-1	-1	-1
5	2	9	0	-1	-1	-1	-1	-1	-1	-1	-1	-1	-1
5	2	9	11	14	-1	-1	-1	-1	-1	-1	-1	-1	-1
5	2	10	1	9	-1	-1	-1	-1	-1	-1	-1	-1	-1
5	2	11	-1	-1	-1	-1	-1	-1	-1	-1	-1	-1	-1
5	2	11	6	-1	-1	-1	-1	-1	-1	-1	-1	-1	-1
5	2	11	6	8	-1	-1	-1	-1	-1	-1	-1	-1	-1
5	2	11	9	4	-1	-1	-1	-1	-1	-1	-1	-1	-1
5	2	11	14	7	12	-1	-1	-1	-1	-1	-1	-1	-1
5	2	13	-1	-1	-1	-1	-1	-1	-1	-1	-1	-1	-1
5	2	13	8	-1	-1	-1	-1	-1	-1	-1	-1	-1	-1
5	4	-1	-1	-1	-1	-1	-1	-1	-1	-1	-1	-1	-1
5	4	6	-1	-1	-1	-1	-1	-1	-1	-1	-1	-1	-1
5	4	6	2	-1	-1	-1	-1	-1	-1	-1	-1	-1	-1
5	4	6	8	-1	-1	-1	-1	-1	-1	-1	-1	-1	-1
5	4	6	8	13	12	9	2	-1	-1	-1	-1	-1	-1
5	4	8	0	3	2	10	-1	-1	-1	-1	-1	-1	-1
5	4	8	13	-1	-1	-1	-1	-1	-1	-1	-1	-1	-1
5	4	9	-1	-1	-1	-1	-1	-1	-1	-1	-1	-1	-1
5	4	9	0	3	-1	-1	-1	-1	-1	-1	-1	-1	-1
5	4	9	0	13	12	7	-1	-1	-1	-1	-1	-1	-1
5	4	9	1	-1	-1	-1	-1	-1	-1	-1	-1	-1	-1
5	4	9	11	-1	-1	-1	-1	-1	-1	-1	-1	-1	-1
5	4	9	11	2	-1	-1	-1	-1	-1	-1	-1	-1	-1
5	4	9	11	6	2	13	-1	-1	-1	-1	-1	-1	-1
5	4	9	11	14	-1	-1	-1	-1	-1	-1	-1	-1	-1
6	2	-1	-1	-1	-1	-1	-1	-1	-1	-1	-1	-1	-1
6	2	3	0	-1	-1	-1	-1	-1	-1	-1	-1	-1	-1
6	2	3	0	9	-1	-1	-1	-1	-1	-1	-1	-1	-1
6	2	5	-1	-1	-1	-1	-1	-1	-1	-1	-1	-1	-1
6	2	5	4	-1	-1	-1	-1	-1	-1	-1	-1	-1	-1
6	2	5	4	8	13	-1	-1	-1	-1	-1	-1	-1	-1
6	2	9	0	8	4	-1	-1	-1	-1	-1	-1	-1	-1
6	2	9	0	13	12	-1	-1	-1	-1	-1	-1	-1	-1
6	2	9	1	-1	-1	-1	-1	-1	-1	-1	-1	-1	-1
6	2	9	11	-1	-1	-1	-1	-1	-1	-1	-1	-1	-1
6	2	10	-1	-1	-1	-1	-1	-1	-1	-1	-1	-1	-1
6	2	10	1	-1	-1	-1	-1	-1	-1	-1	-1	-1	-1
6	2	10	1	9	11	-1	-1	-1	-1	-1	-1	-1	-1
6	2	11	-1	-1	-1	-1	-1	-1	-1	-1	-1	-1	-1
6	2	11	9	-1	-1	-1	-1	-1	-1	-1	-1	-1	-1
6	2	11	14	-1	-1	-1	-1	-1	-1	-1	-1	-1	-1
6	2	11	14	7	-1	-1	-1	-1	-1	-1	-1	-1	-1
6	2	13	-1	-1	-1	-1	-1	-1	-1	-1	-1	-1	-1
6	4	-1	-1	-1	-1	-1	-1	-1	-1	-1	-1	-1	-1
6	4	5	-1	-1	-1	-1	-1	-1	-1	-1	-1	-1	-1
6	4	5	2	-1	-1	-1	-1	-1	-1	-1	-1	-1	-1
6	4	5	2	9	0	-1	-1	-1	-1	-1	-1	-1	-1
6	4	5	2	10	-1	-1	-1	-1	-1	-1	-1	-1	-1
6	4	5	2	11	-1	-1	-1	-1	-1	-1	-1	-1	-1
6	4	8	-1	-1	-1	-1	-1	-1	-1	-1	-1	-1	-1
6	4	8	0	-1	-1	-1	-1	-1	-1	-1	-1	-1	-1
6	4	8	13	12	-1	-1	-1	-1	-1	-1	-1	-1	-1
6	4	9	0	-1	-1	-1	-1	-1	-1	-1	-1	-1	-1
6	4	9	0	13	-1	-1	-1	-1	-1	-1	-1	-1	-1
6	4	9	1	-1	-1	-1	-1	-1	-1	-1	-1	-1	-1
6	4	9	2	3	-1	-1	-1	-1	-1	-1	-1	-1	-1
6	4	9	2	10	-1	-1	-1	-1	-1	-1	-1	-1	-1
6	4	9	11	14	7	-1	-1	-1	-1	-1	-1	-1	-1
6	4	9	12	7	14	-1	-1	-1	-1	-1	-1	-1	-1
6	8	-1	-1	-1	-1	-1	-1	-1	-1	-1	-1	-1	-1
6	8	0	-1	-1	-1	-1	-1	-1	-1	-1	-1	-1	-1
6	8	0	3	-1	-1	-1	-1	-1	-1	-1	-1	-1	-1
6	8	0	3	2	11	14	-1	-1	-1	-1	-1	-1	-1
6	8	0	9	4	5	-1	-1	-1	-1	-1	-1	-1	-1
6	8	0	13	-1	-1	-1	-1	-1	-1	-1	-1	-1	-1
6	8	0	13	2	11	-1	-1	-1	-1	-1	-1	-1	-1
6	8	4	-1	-1	-1	-1	-1	-1	-1	-1	-1	-1	-1
6	8	4	5	-1	-1	-1	-1	-1	-1	-1	-1	-1	-1
6	8	4	9	-1	-1	-1	-1	-1	-1	-1	-1	-1	-1
6	8	4	9	12	-1	-1	-1	-1	-1	-1	-1	-1	-1
6	8	13	-1	-1	-1	-1	-1	-1	-1	-1	-1	-1	-1
6	8	13	0	-1	-1	-1	-1	-1	-1	-1	-1	-1	-1
6	8	13	12	-1	-1	-1	-1	-1	-1	-1	-1	-1	-1
6	8	13	12	9	-1	-1	-1	-1	-1	-1	-1	-1	-1
6	11	-1	-1	-1	-1	-1	-1	-1	-1	-1	-1	-1	-1
6	11	2	-1	-1	-1	-1	-1	-1	-1	-1	-1	-1	-1
6	11	2	3	0	-1	-1	-1	-1	-1	-1	-1	-1	-1
6	11	2	5	-1	-1	-1	-1	-1	-1	-1	-1	-1	-1
6	11	2	9	-1	-1	-1	-1	-1	-1	-1	-1	-1	-1
6	11	2	9	0	-1	-1	-1	-1	-1	-1	-1	-1	-1
6	11	2	10	-1	-1	-1	-1	-1	-1	-1	-1	-1	-1
6	11	2	13	0	8	-1	-1	-1	-1	-1	-1	-1	-1
6	11	9	-1	-1	-1	-1	-1	-1	-1	-1	-1	-1	-1
6	11	9	0	13	-1	-1	-1	-1	-1	-1	-1	-1	-1
6	11	9	1	-1	-1	-1	-1	-1	-1	-1	-1	-1	-1
6	11	9	4	5	-1	-1	-1	-1	-1	-1	-1	-1	-1
6	11	9	12	7	14	-1	-1	-1	-1	-1	-1	-1	-1
6	11	14	-1	-1	-1	-1	-1	-1	-1	-1	-1	-1	-1
6	11	14	7	-1	-1	-1	-1	-1	-1	-1	-1	-1	-1
6	11	14	7	12	-1	-1	-1	-1	-1	-1	-1	-1	-1
7	12	-1	-1	-1	-1	-1	-1	-1	-1	-1	-1	-1	-1
7	12	9	-1	-1	-1	-1	-1	-1	-1	-1	-1	-1	-1
7	12	9	0	3	-1	-1	-1	-1	-1	-1	-1	-1	-1
7	12	9	0	3	2	-1	-1	-1	-1	-1	-1	-1	-1
7	12	9	1	10	-1	-1	-1	-1	-1	-1	-1	-1	-1
7	12	9	1	10	2	13	-1	-1	-1	-1	-1	-1	-1
7	12	9	4	-1	-1	-1	-1	-1	-1	-1	-1	-1	-1
7	12	9	4	5	-1	-1	-1	-1	-1	-1	-1	-1	-1
7	12	9	11	-1	-1	-1	-1	-1	-1	-1	-1	-1	-1
7	12	9	11	6	-1	-1	-1	-1	-1	-1	-1	-1	-1
7	12	9	11	14	-1	-1	-1	-1	-1	-1	-1	-1	-1
7	12	13	-1	-1	-1	-1	-1	-1	-1	-1	-1	-1	-1
7	12	13	0	8	-1	-1	-1	-1	-1	-1	-1	-1	-1
7	12	13	0	8	4	5	2	3	-1	-1	-1	-1	-1
7	12	13	0	9	4	-1	-1	-1	-1	-1	-1	-1	-1
7	12	13	2	11	-1	-1	-1	-1	-1	-1	-1	-1	-1
7	14	-1	-1	-1	-1	-1	-1	-1	-1	-1	-1	-1	-1
7	14	11	-1	-1	-1	-1	-1	-1	-1	-1	-1	-1	-1
7	14	11	2	-1	-1	-1	-1	-1	-1	-1	-1	-1	-1
7	14	11	2	3	0	-1	-1	-1	-1	-1	-1	-1	-1
7	14	11	6	-1	-1	-1	-1	-1	-1	-1	-1	-1	-1
7	14	11	6	2	10	1	9	-1	-1	-1	-1	-1	-1
7	14	11	6	4	9	1	10	2	-1	-1	-1	-1	-1
7	14	11	6	8	-1	-1	-1	-1	-1	-1	-1	-1	-1
7	14	11	6	8	0	-1	-1	-1	-1	-1	-1	-1	-1
7	14	11	9	0	-1	-1	-1	-1	-1	-1	-1	-1	-1
7	14	11	9	0	13	-1	-1	-1	-1	-1	-1	-1	-1
7	14	11	9	2	3	-1	-1	-1	-1	-1	-1	-1	-1
7	14	11	9	4	5	-1	-1	-1	-1	-1	-1	-1	-1
8	0	-1	-1	-1	-1	-1	-1	-1	-1	-1	-1	-1	-1
8	0	3	-1	-1	-1	-1	-1	-1	-1	-1	-1	-1	-1
8	0	3	2	-1	-1	-1	-1	-1	-1	-1	-1	-1	-1
8	0	3	2	5	-1	-1	-1	-1	-1	-1	-1	-1	-1
8	0	3	2	6	11	9	1	-1	-1	-1	-1	-1	-1
8	0	9	-1	-1	-1	-1	-1	-1	-1	-1	-1	-1	-1
8	0	9	2	3	-1	-1	-1	-1	-1	-1	-1	-1	-1
8	0	9	4	5	-1	-1	-1	-1	-1	-1	-1	-1	-1
8	0	9	4	5	2	-1	-1	-1	-1	-1	-1	-1	-1
8	0	9	11	-1	-1	-1	-1	-1	-1	-1	-1	-1	-1
8	0	9	12	7	-1	-1	-1	-1	-1	-1	-1	-1	-1
8	0	9	12	13	-1	-1	-1	-1	-1	-1	-1	-1	-1
8	0	13	-1	-1	-1	-1	-1	-1	-1	-1	-1	-1	-1
8	0	13	2	-1	-1	-1	-1	-1	-1	-1	-1	-1	-1
8	0	13	2	10	-1	-1	-1	-1	-1	-1	-1	-1	-1
8	0	13	12	-1	-1	-1	-1	-1	-1	-1	-1	-1	-1
8	4	-1	-1	-1	-1	-1	-1	-1	-1	-1	-1	-1	-1
8	4	5	-1	-1	-1	-1	-1	-1	-1	-1	-1	-1	-1
8	4	5	2	-1	-1	-1	-1	-1	-1	-1	-1	-1	-1
8	4	5	2	3	-1	-1	-1	-1	-1	-1	-1	-1	-1
8	4	5	2	6	-1	-1	-1	-1	-1	-1	-1	-1	-1
8	4	5	2	9	-1	-1	-1	-1	-1	-1	-1	-1	-1
8	4	6	-1	-1	-1	-1	-1	-1	-1	-1	-1	-1	-1
8	4	6	2	5	-1	-1	-1	-1	-1	-1	-1	-1	-1
8	4	6	2	10	-1	-1	-1	-1	-1	-1	-1	-1	-1
8	4	6	11	-1	-1	-1	-1	-1	-1	-1	-1	-1	-1
8	4	6	11	9	0	3	-1	-1	-1	-1	-1	-1	-1
8	4	6	11	14	7	12	13	-1	-1	-1	-1	-1	-1
8	4	9	-1	-1	-1	-1	-1	-1	-1	-1	-1	-1	-1
8	4	9	0	3	-1	-1	-1	-1	-1	-1	-1	-1	-1
8	4	9	1	10	-1	-1	-1	-1	-1	-1	-1	-1	-1
8	4	9	2	3	-1	-1	-1	-1	-1	-1	-1	-1	-1
8	4	9	2	10	-1	-1	-1	-1	-1	-1	-1	-1	-1
8	4	9	12	7	-1	-1	-1	-1	-1	-1	-1	-1	-1
8	4	9	12	13	2	6	-1	-1	-1	-1	-1	-1	-1
8	6	-1	-1	-1	-1	-1	-1	-1	-1	-1	-1	-1	-1
8	6	2	-1	-1	-1	-1	-1	-1	-1	-1	-1	-1	-1
8	6	2	3	-1	-1	-1	-1	-1	-1	-1	-1	-1	-1
8	6	2	5	-1	-1	-1	-1	-1	-1	-1	-1	-1	-1
8	6	2	10	-1	-1	-1	-1	-1	-1	-1	-1	-1	-1
8	6	2	11	9	1	10	-1	-1	-1	-1	-1	-1	-1
8	6	2	11	14	-1	-1	-1	-1	-1	-1	-1	-1	-1
8	6	2	11	14	7	-1	-1	-1	-1	-1	-1	-1	-1
8	6	4	-1	-1	-1	-1	-1	-1	-1	-1	-1	-1	-1
8	6	4	5	2	-1	-1	-1	-1	-1	-1	-1	-1	-1
8	6	4	9	-1	-1	-1	-1	-1	-1	-1	-1	-1	-1
8	6	11	-1	-1	-1	-1	-1	-1	-1	-1	-1	-1	-1
8	6	11	2	3	-1	-1	-1	-1	-1	-1	-1	-1	-1
8	6	11	2	13	12	7	-1	-1	-1	-1	-1	-1	-1
8	6	11	9	-1	-1	-1	-1	-1	-1	-1	-1	-1	-1
8	6	11	9	0	-1	-1	-1	-1	-1	-1	-1	-1	-1
8	6	11	14	-1	-1	-1	-1	-1	-1	-1	-1	-1	-1
8	6	11	14	7	-1	-1	-1	-1	-1	-1	-1	-1	-1
8	13	-1	-1	-1	-1	-1	-1	-1	-1	-1	-1	-1	-1
8	13	0	-1	-1	-1	-1	-1	-1	-1	-1	-1	-1	-1
8	13	0	3	2	9	11	6	-1	-1	-1	-1	-1	-1
8	13	0	3	2	11	-1	-1	-1	-1	-1	-1	-1	-1
8	13	0	9	-1	-1	-1	-1	-1	-1	-1	-1	-1	-1
8	13	0	9	2	-1	-1	-1	-1	-1	-1	-1	-1	-1
8	13	2	-1	-1	-1	-1	-1	-1	-1	-1	-1	-1	-1
8	13	2	3	-1	-1	-1	-1	-1	-1	-1	-1	-1	-1
8	13	2	5	-1	-1	-1	-1	-1	-1	-1	-1	-1	-1
8	13	2	6	-1	-1	-1	-1	-1	-1	-1	-1	-1	-1
8	13	2	9	0	-1	-1	-1	-1	-1	-1	-1	-1	-1
8	13	2	10	-1	-1	-1	-1	-1	-1	-1	-1	-1	-1
8	13	2	11	-1	-1	-1	-1	-1	-1	-1	-1	-1	-1
8	13	2	11	14	7	12	-1	-1	-1	-1	-1	-1	-1
8	13	12	-1	-1	-1	-1	-1	-1	-1	-1	-1	-1	-1
8	13	12	7	14	-1	-1	-1	-1	-1	-1	-1	-1	-1
8	13	12	9	-1	-1	-1	-1	-1	-1	-1	-1	-1	-1
8	13	12	9	1	-1	-1	-1	-1	-1	-1	-1	-1	-1
9	0	-1	-1	-1	-1	-1	-1	-1	-1	-1	-1	-1	-1
9	0	3	-1	-1	-1	-1	-1	-1	-1	-1	-1	-1	-1
9	0	3	2	6	-1	-1	-1	-1	-1	-1	-1	-1	-1
9	0	3	2	6	8	4	-1	-1	-1	-1	-1	-1	-1
9	0	3	2	10	-1	-1	-1	-1	-1	-1	-1	-1	-1
9	0	8	-1	-1	-1	-1	-1	-1	-1	-1	-1	-1	-1
9	0	8	4	-1	-1	-1	-1	-1	-1	-1	-1	-1	-1
9	0	8	4	6	-1	-1	-1	-1	-1	-1	-1	-1	-1
9	0	8	4	6	2	-1	-1	-1	-1	-1	-1	-1	-1
9	0	8	6	-1	-1	-1	-1	-1	-1	-1	-1	-1	-1
9	0	8	6	4	-1	-1	-1	-1	-1	-1	-1	-1	-1
9	0	8	6	11	14	-1	-1	-1	-1	-1	-1	-1	-1
9	0	8	13	12	-1	-1	-1	-1	-1	-1	-1	-1	-1
9	0	13	-1	-1	-1	-1	-1	-1	-1	-1	-1	-1	-1
9	0	13	2	5	-1	-1	-1	-1	-1	-1	-1	-1	-1
9	0	13	2	6	8	-1	-1	-1	-1	-1	-1	-1	-1
9	0	13	2	11	-1	-1	-1	-1	-1	-1	-1	-1	-1
9	0	13	8	-1	-1	-1	-1	-1	-1	-1	-1	-1	-1
9	0	13	8	4	6	-1	-1	-1	-1	-1	-1	-1	-1
9	0	13	12	-1	-1	-1	-1	-1	-1	-1	-1	-1	-1
9	1	-1	-1	-1	-1	-1	-1	-1	-1	-1	-1	-1	-1
9	1	10	-1	-1	-1	-1	-1	-1	-1	-1	-1	-1	-1
9	1	10	2	-1	-1	-1	-1	-1	-1	-1	-1	-1	-1
9	2	-1	-1	-1	-1	-1	-1	-1	-1	-1	-1	-1	-1
9	2	3	-1	-1	-1	-1	-1	-1	-1	-1	-1	-1	-1
9	2	3	0	-1	-1	-1	-1	-1	-1	-1	-1	-1	-1
9	2	3	0	13	-1	-1	-1	-1	-1	-1	-1	-1	-1
9	2	5	-1	-1	-1	-1	-1	-1	-1	-1	-1	-1	-1
9	2	5	4	-1	-1	-1	-1	-1	-1	-1	-1	-1	-1
9	2	6	-1	-1	-1	-1	-1	-1	-1	-1	-1	-1	-1
9	2	6	8	0	3	-1	-1	-1	-1	-1	-1	-1	-1
9	2	6	8	13	-1	-1	-1	-1	-1	-1	-1	-1	-1
9	2	6	11	14	-1	-1	-1	-1	-1	-1	-1	-1	-1
9	2	10	-1	-1	-1	-1	-1	-1	-1	-1	-1	-1	-1
9	2	10	1	-1	-1	-1	-1	-1	-1	-1	-1	-1	-1
9	2	11	-1	-1	-1	-1	-1	-1	-1	-1	-1	-1	-1
9	2	11	6	8	-1	-1	-1	-1	-1	-1	-1	-1	-1
9	2	11	6	8	0	13	-1	-1	-1	-1	-1	-1	-1
9	2	11	14	-1	-1	-1	-1	-1	-1	-1	-1	-1	-1
9	2	13	0	3	-1	-1	-1	-1	-1	-1	-1	-1	-1
9	2	13	12	-1	-1	-1	-1	-1	-1	-1	-1	-1	-1
9	4	-1	-1	-1	-1	-1	-1	-1	-1	-1	-1	-1	-1
9	4	5	-1	-1	-1	-1	-1	-1	-1	-1	-1	-1	-1
9	4	5	2	-1	-1	-1	-1	-1	-1	-1	-1	-1	-1
9	4	5	2	3	0	-1	-1	-1	-1	-1	-1	-1	-1
9	4	5	2	6	11	-1	-1	-1	-1	-1	-1	-1	-1
9	4	5	2	6	11	14	-1	-1	-1	-1	-1	-1	-1
9	4	5	2	11	-1	-1	-1	-1	-1	-1	-1	-1	-1
9	4	5	2	13	8	-1	-1	-1	-1	-1	-1	-1	-1
9	4	6	-1	-1	-1	-1	-1	-1	-1	-1	-1	-1	-1
9	4	6	11	-1	-1	-1	-1	-1	-1	-1	-1	-1	-1
9	4	6	11	2	5	-1	-1	-1	-1	-1	-1	-1	-1
9	4	8	-1	-1	-1	-1	-1	-1	-1	-1	-1	-1	-1
9	4	8	6	-1	-1	-1	-1	-1	-1	-1	-1	-1	-1
9	4	8	6	2	5	-1	-1	-1	-1	-1	-1	-1	-1
9	4	8	6	11	-1	-1	-1	-1	-1	-1	-1	-1	-1
9	4	8	6	11	14	-1	-1	-1	-1	-1	-1	-1	-1
9	4	8	13	-1	-1	-1	-1	-1	-1	-1	-1	-1	-1
9	4	8	13	2	10	-1	-1	-1	-1	-1	-1	-1	-1
9	4	8	13	2	10	1	-1	-1	-1	-1	-1	-1	-1
9	4	8	13	12	-1	-1	-1	-1	-1	-1	-1	-1	-1
9	11	-1	-1	-1	-1	-1	-1	-1	-1	-1	-1	-1	-1
9	11	2	5	-1	-1	-1	-1	-1	-1	-1	-1	-1	-1
9	11	2	10	-1	-1	-1	-1	-1	-1	-1	-1	-1	-1
9	11	2	13	8	4	-1	-1	-1	-1	-1	-1	-1	-1
9	11	2	13	12	-1	-1	-1	-1	-1	-1	-1	-1	-1
9	11	6	-1	-1	-1	-1	-1	-1	-1	-1	-1	-1	-1
9	11	6	2	-1	-1	-1	-1	-1	-1	-1	-1	-1	-1
9	11	6	2	5	4	-1	-1	-1	-1	-1	-1	-1	-1
9	11	6	4	-1	-1	-1	-1	-1	-1	-1	-1	-1	-1
9	11	6	4	8	-1	-1	-1	-1	-1	-1	-1	-1	-1
9	11	6	8	0	3	2	10	-1	-1	-1	-1	-1	-1
9	11	14	-1	-1	-1	-1	-1	-1	-1	-1	-1	-1	-1
9	11	14	7	-1	-1	-1	-1	-1	-1	-1	-1	-1	-1
9	12	-1	-1	-1	-1	-1	-1	-1	-1	-1	-1	-1	-1
9	12	7	-1	-1	-1	-1	-1	-1	-1	-1	-1	-1	-1
9	12	7	14	-1	-1	-1	-1	-1	-1	-1	-1	-1	-1
9	12	7	14	11	2	10	-1	-1	-1	-1	-1	-1	-1
9	12	7	14	11	6	4	-1	-1	-1	-1	-1	-1	-1
9	12	7	14	11	6	8	4	-1	-1	-1	-1	-1	-1
9	12	13	-1	-1	-1	-1	-1	-1	-1	-1	-1	-1	-1
9	12	13	0	-1	-1	-1	-1	-1	-1	-1	-1	-1	-1
9	12	13	0	8	6	-1	-1	-1	-1	-1	-1	-1	-1
9	12	13	2	5	-1	-1	-1	-1	-1	-1	-1	-1	-1
9	12	13	2	5	4	-1	-1	-1	-1	-1	-1	-1	-1
9	12	13	2	5	4	8	-1	-1	-1	-1	-1	-1	-1
9	12	13	2	10	1	-1	-1	-1	-1	-1	-1	-1	-1
9	12	13	8	0	-1	-1	-1	-1	-1	-1	-1	-1	-1
9	12	13	8	4	-1	-1	-1	-1	-1	-1	-1	-1	-1
9	12	13	8	4	6	-1	-1	-1	-1	-1	-1	-1	-1
9	12	13	8	6	2	11	-1	-1	-1	-1	-1	-1	-1
10	1	-1	-1	-1	-1	-1	-1	-1	-1	-1	-1	-1	-1
10	1	9	-1	-1	-1	-1	-1	-1	-1	-1	-1	-1	-1
10	1	9	0	-1	-1	-1	-1	-1	-1	-1	-1	-1	-1
10	1	9	0	3	-1	-1	-1	-1	-1	-1	-1	-1	-1
10	1	9	2	-1	-1	-1	-1	-1	-1	-1	-1	-1	-1
10	1	9	2	11	6	8	0	-1	-1	-1	-1	-1	-1
10	1	9	11	-1	-1	-1	-1	-1	-1	-1	-1	-1	-1
10	1	9	11	2	-1	-1	-1	-1	-1	-1	-1	-1	-1
10	1	9	11	2	3	-1	-1	-1	-1	-1	-1	-1	-1
10	1	9	11	6	2	3	0	-1	-1	-1	-1	-1	-1
10	1	9	12	-1	-1	-1	-1	-1	-1	-1	-1	-1	-1
10	1	9	12	7	-1	-1	-1	-1	-1	-1	-1	-1	-1
10	1	9	12	13	2	11	6	8	-1	-1	-1	-1	-1
10	2	-1	-1	-1	-1	-1	-1	-1	-1	-1	-1	-1	-1
10	2	3	-1	-1	-1	-1	-1	-1	-1	-1	-1	-1	-1
10	2	3	0	9	11	-1	-1	-1	-1	-1	-1	-1	-1
10	2	3	0	13	-1	-1	-1	-1	-1	-1	-1	-1	-1
10	2	3	0	13	12	9	11	-1	-1	-1	-1	-1	-1
10	2	5	-1	-1	-1	-1	-1	-1	-1	-1	-1	-1	-1
10	2	5	4	-1	-1	-1	-1	-1	-1	-1	-1	-1	-1
10	2	5	4	6	11	-1	-1	-1	-1	-1	-1	-1	-1
10	2	5	4	9	-1	-1	-1	-1	-1	-1	-1	-1	-1
10	2	5	4	9	0	-1	-1	-1	-1	-1	-1	-1	-1
10	2	6	-1	-1	-1	-1	-1	-1	-1	-1	-1	-1	-1
10	2	6	4	-1	-1	-1	-1	-1	-1	-1	-1	-1	-1
10	2	6	4	8	0	13	-1	-1	-1	-1	-1	-1	-1
10	2	6	8	0	9	4	-1	-1	-1	-1	-1	-1	-1
10	2	6	8	13	0	9	-1	-1	-1	-1	-1	-1	-1
10	2	6	11	-1	-1	-1	-1	-1	-1	-1	-1	-1	-1
10	2	9	0	-1	-1	-1	-1	-1	-1	-1	-1	-1	-1
10	2	9	11	6	-1	-1	-1	-1	-1	-1	-1	-1	-1
10	2	9	12	13	-1	-1	-1	-1	-1	-1	-1	-1	-1
10	2	11	-1	-1	-1	-1	-1	-1	-1	-1	-1	-1	-1
10	2	11	6	8	-1	-1	-1	-1	-1	-1	-1	-1	-1
10	2	11	9	-1	-1	-1	-1	-1	-1	-1	-1	-1	-1
10	2	11	14	-1	-1	-1	-1	-1	-1	-1	-1	-1	-1
10	2	11	14	7	-1	-1	-1	-1	-1	-1	-1	-1	-1
10	2	13	-1	-1	-1	-1	-1	-1	-1	-1	-1	-1	-1
10	2	13	8	4	5	-1	-1	-1	-1	-1	-1	-1	-1
10	2	13	12	7	-1	-1	-1	-1	-1	-1	-1	-1	-1
11	2	-1	-1	-1	-1	-1	-1	-1	-1	-1	-1	-1	-1
11	2	3	-1	-1	-1	-1	-1	-1	-1	-1	-1	-1	-1
11	2	3	0	-1	-1	-1	-1	-1	-1	-1	-1	-1	-1
11	2	3	0	8	13	-1	-1	-1	-1	-1	-1	-1	-1
11	2	5	-1	-1	-1	-1	-1	-1	-1	-1	-1	-1	-1
11	2	5	4	8	0	-1	-1	-1	-1	-1	-1	-1	-1
11	2	5	4	8	6	-1	-1	-1	-1	-1	-1	-1	-1
11	2	5	4	8	13	-1	-1	-1	-1	-1	-1	-1	-1
11	2	6	-1	-1	-1	-1	-1	-1	-1	-1	-1	-1	-1
11	2	6	4	-1	-1	-1	-1	-1	-1	-1	-1	-1	-1
11	2	6	8	4	-1	-1	-1	-1	-1	-1	-1	-1	-1
11	2	6	8	13	0	-1	-1	-1	-1	-1	-1	-1	-1
11	2	9	-1	-1	-1	-1	-1	-1	-1	-1	-1	-1	-1
11	2	9	0	13	-1	-1	-1	-1	-1	-1	-1	-1	-1
11	2	9	4	6	-1	-1	-1	-1	-1	-1	-1	-1	-1
11	2	9	12	7	-1	-1	-1	-1	-1	-1	-1	-1	-1
11	2	10	-1	-1	-1	-1	-1	-1	-1	-1	-1	-1	-1
11	2	10	1	-1	-1	-1	-1	-1	-1	-1	-1	-1	-1
11	2	10	1	9	0	-1	-1	-1	-1	-1	-1	-1	-1
11	2	13	-1	-1	-1	-1	-1	-1	-1	-1	-1	-1	-1
11	6	-1	-1	-1	-1	-1	-1	-1	-1	-1	-1	-1	-1
11	6	2	-1	-1	-1	-1	-1	-1	-1	-1	-1	-1	-1
11	6	2	3	-1	-1	-1	-1	-1	-1	-1	-1	-1	-1
11	6	2	3	0	13	-1	-1	-1	-1	-1	-1	-1	-1
11	6	2	5	-1	-1	-1	-1	-1	-1	-1	-1	-1	-1
11	6	2	10	-1	-1	-1	-1	-1	-1	-1	-1	-1	-1
11	6	2	13	8	4	5	-1	-1	-1	-1	-1	-1	-1
11	6	2	13	8	4	9	0	3	-1	-1	-1	-1	-1
11	6	4	-1	-1	-1	-1	-1	-1	-1	-1	-1	-1	-1
11	6	4	5	-1	-1	-1	-1	-1	-1	-1	-1	-1	-1
11	6	4	5	2	-1	-1	-1	-1	-1	-1	-1	-1	-1
11	6	4	9	0	13	-1	-1	-1	-1	-1	-1	-1	-1
11	6	4	9	2	-1	-1	-1	-1	-1	-1	-1	-1	-1
11	6	4	9	2	13	12	7	-1	-1	-1	-1	-1	-1
11	6	8	-1	-1	-1	-1	-1	-1	-1	-1	-1	-1	-1
11	6	8	0	-1	-1	-1	-1	-1	-1	-1	-1	-1	-1
11	6	8	0	9	1	-1	-1	-1	-1	-1	-1	-1	-1
11	6	8	4	5	-1	-1	-1	-1	-1	-1	-1	-1	-1
11	9	-1	-1	-1	-1	-1	-1	-1	-1	-1	-1	-1	-1
11	9	0	-1	-1	-1	-1	-1	-1	-1	-1	-1	-1	-1
11	9	0	3	-1	-1	-1	-1	-1	-1	-1	-1	-1	-1
11	9	0	3	2	6	8	4	5	-1	-1	-1	-1	-1
11	9	0	8	4	5	2	3	-1	-1	-1	-1	-1	-1
11	9	0	13	8	-1	-1	-1	-1	-1	-1	-1	-1	-1
11	9	0	13	8	4	5	-1	-1	-1	-1	-1	-1	-1
11	9	1	-1	-1	-1	-1	-1	-1	-1	-1	-1	-1	-1
11	9	1	10	-1	-1	-1	-1	-1	-1	-1	-1	-1	-1
11	9	2	5	-1	-1	-1	-1	-1	-1	-1	-1	-1	-1
11	9	2	6	-1	-1	-1	-1	-1	-1	-1	-1	-1	-1
11	9	2	10	1	-1	-1	-1	-1	-1	-1	-1	-1	-1
11	9	4	-1	-1	-1	-1	-1	-1	-1	-1	-1	-1	-1
11	9	4	5	-1	-1	-1	-1	-1	-1	-1	-1	-1	-1
11	9	4	6	2	3	0	8	-1	-1	-1	-1	-1	-1
11	9	4	6	2	10	1	-1	-1	-1	-1	-1	-1	-1
11	9	4	6	8	0	3	-1	-1	-1	-1	-1	-1	-1
11	9	4	8	0	13	12	-1	-1	-1	-1	-1	-1	-1
11	9	4	8	6	-1	-1	-1	-1	-1	-1	-1	-1	-1
11	9	12	-1	-1	-1	-1	-1	-1	-1	-1	-1	-1	-1
11	9	12	13	-1	-1	-1	-1	-1	-1	-1	-1	-1	-1
11	9	12	13	2	6	4	-1	-1	-1	-1	-1	-1	-1
11	9	12	13	8	0	-1	-1	-1	-1	-1	-1	-1	-1
11	14	-1	-1	-1	-1	-1	-1	-1	-1	-1	-1	-1	-1
11	14	7	-1	-1	-1	-1	-1	-1	-1	-1	-1	-1	-1
11	14	7	12	-1	-1	-1	-1	-1	-1	-1	-1	-1	-1
11	14	7	12	9	4	-1	-1	-1	-1	-1	-1	-1	-1
12	7	-1	-1	-1	-1	-1	-1	-1	-1	-1	-1	-1	-1
12	7	14	-1	-1	-1	-1	-1	-1	-1	-1	-1	-1	-1
12	7	14	11	-1	-1	-1	-1	-1	-1	-1	-1	-1	-1
12	7	14	11	2	-1	-1	-1	-1	-1	-1	-1	-1	-1
12	7	14	11	6	-1	-1	-1	-1	-1	-1	-1	-1	-1
12	7	14	11	9	-1	-1	-1	-1	-1	-1	-1	-1	-1
12	7	14	11	9	4	6	-1	-1	-1	-1	-1	-1	-1
12	9	-1	-1	-1	-1	-1	-1	-1	-1	-1	-1	-1	-1
12	9	0	-1	-1	-1	-1	-1	-1	-1	-1	-1	-1	-1
12	9	0	3	-1	-1	-1	-1	-1	-1	-1	-1	-1	-1
12	9	0	3	2	10	-1	-1	-1	-1	-1	-1	-1	-1
12	9	0	13	-1	-1	-1	-1	-1	-1	-1	-1	-1	-1
12	9	0	13	8	-1	-1	-1	-1	-1	-1	-1	-1	-1
12	9	1	-1	-1	-1	-1	-1	-1	-1	-1	-1	-1	-1
12	9	1	10	2	6	-1	-1	-1	-1	-1	-1	-1	-1
12	9	1	10	2	11	-1	-1	-1	-1	-1	-1	-1	-1
12	9	2	6	8	-1	-1	-1	-1	-1	-1	-1	-1	-1
12	9	2	11	-1	-1	-1	-1	-1	-1	-1	-1	-1	-1
12	9	4	-1	-1	-1	-1	-1	-1	-1	-1	-1	-1	-1
12	9	4	5	-1	-1	-1	-1	-1	-1	-1	-1	-1	-1
12	9	4	6	-1	-1	-1	-1	-1	-1	-1	-1	-1	-1
12	9	4	8	13	2	-1	-1	-1	-1	-1	-1	-1	-1
12	9	11	-1	-1	-1	-1	-1	-1	-1	-1	-1	-1	-1
12	9	11	2	3	0	8	-1	-1	-1	-1	-1	-1	-1
12	9	11	2	13	0	-1	-1	-1	-1	-1	-1	-1	-1
12	9	11	2	13	8	6	-1	-1	-1	-1	-1	-1	-1
12	9	11	6	4	5	2	10	-1	-1	-1	-1	-1	-1
12	9	11	6	8	-1	-1	-1	-1	-1	-1	-1	-1	-1
12	9	11	14	-1	-1	-1	-1	-1	-1	-1	-1	-1	-1
12	9	11	14	7	-1	-1	-1	-1	-1	-1	-1	-1	-1
12	13	-1	-1	-1	-1	-1	-1	-1	-1	-1	-1	-1	-1
12	13	0	-1	-1	-1	-1	-1	-1	-1	-1	-1	-1	-1
12	13	0	3	2	-1	-1	-1	-1	-1	-1	-1	-1	-1
12	13	0	9	-1	-1	-1	-1	-1	-1	-1	-1	-1	-1
12	13	2	-1	-1	-1	-1	-1	-1	-1	-1	-1	-1	-1
12	13	2	3	-1	-1	-1	-1	-1	-1	-1	-1	-1	-1
12	13	2	6	-1	-1	-1	-1	-1	-1	-1	-1	-1	-1
12	13	8	0	-1	-1	-1	-1	-1	-1	-1	-1	-1	-1
12	13	8	0	9	1	10	-1	-1	-1	-1	-1	-1	-1
12	13	8	4	9	-1	-1	-1	-1	-1	-1	-1	-1	-1
12	13	8	4	9	0	-1	-1	-1	-1	-1	-1	-1	-1
12	13	8	6	4	-1	-1	-1	-1	-1	-1	-1	-1	-1
13	0	-1	-1	-1	-1	-1	-1	-1	-1	-1	-1	-1	-1
13	0	3	-1	-1	-1	-1	-1	-1	-1	-1	-1	-1	-1
13	0	3	2	-1	-1	-1	-1	-1	-1	-1	-1	-1	-1
13	0	3	2	11	-1	-1	-1	-1	-1	-1	-1	-1	-1
13	0	3	2	11	14	-1	-1	-1	-1	-1	-1	-1	-1
13	0	8	-1	-1	-1	-1	-1	-1	-1	-1	-1	-1	-1
13	0	8	4	5	-1	-1	-1	-1	-1	-1	-1	-1	-1
13	0	8	4	6	-1	-1	-1	-1	-1	-1	-1	-1	-1
13	0	8	6	-1	-1	-1	-1	-1	-1	-1	-1	-1	-1
13	0	9	-1	-1	-1	-1	-1	-1	-1	-1	-1	-1	-1
13	0	9	1	-1	-1	-1	-1	-1	-1	-1	-1	-1	-1
13	2	-1	-1	-1	-1	-1	-1	-1	-1	-1	-1	-1	-1
13	2	3	-1	-1	-1	-1	-1	-1	-1	-1	-1	-1	-1
13	2	3	0	-1	-1	-1	-1	-1	-1	-1	-1	-1	-1
13	2	5	-1	-1	-1	-1	-1	-1	-1	-1	-1	-1	-1
13	2	5	4	-1	-1	-1	-1	-1	-1	-1	-1	-1	-1
13	2	6	-1	-1	-1	-1	-1	-1	-1	-1	-1	-1	-1
13	2	6	4	-1	-1	-1	-1	-1	-1	-1	-1	-1	-1
13	2	6	4	5	-1	-1	-1	-1	-1	-1	-1	-1	-1
13	2	6	11	-1	-1	-1	-1	-1	-1	-1	-1	-1	-1
13	2	9	1	-1	-1	-1	-1	-1	-1	-1	-1	-1	-1
13	2	9	1	10	-1	-1	-1	-1	-1	-1	-1	-1	-1
13	2	9	12	-1	-1	-1	-1	-1	-1	-1	-1	-1	-1
13	2	10	-1	-1	-1	-1	-1	-1	-1	-1	-1	-1	-1
13	2	11	-1	-1	-1	-1	-1	-1	-1	-1	-1	-1	-1
13	2	11	6	-1	-1	-1	-1	-1	-1	-1	-1	-1	-1
13	2	11	9	-1	-1	-1	-1	-1	-1	-1	-1	-1	-1
13	2	11	9	1	10	-1	-1	-1	-1	-1	-1	-1	-1
13	2	11	14	-1	-1	-1	-1	-1	-1	-1	-1	-1	-1
13	2	11	14	7	-1	-1	-1	-1	-1	-1	-1	-1	-1
13	8	-1	-1	-1	-1	-1	-1	-1	-1	-1	-1	-1	-1
13	8	0	-1	-1	-1	-1	-1	-1	-1	-1	-1	-1	-1
13	8	0	3	-1	-1	-1	-1	-1	-1	-1	-1	-1	-1
13	8	0	3	2	11	-1	-1	-1	-1	-1	-1	-1	-1
13	8	0	9	-1	-1	-1	-1	-1	-1	-1	-1	-1	-1
13	8	4	-1	-1	-1	-1	-1	-1	-1	-1	-1	-1	-1
13	8	4	5	-1	-1	-1	-1	-1	-1	-1	-1	-1	-1
13	8	4	5	2	11	14	-1	-1	-1	-1	-1	-1	-1
13	8	6	-1	-1	-1	-1	-1	-1	-1	-1	-1	-1	-1
13	8	6	2	9	11	14	7	-1	-1	-1	-1	-1	-1
13	8	6	11	-1	-1	-1	-1	-1	-1	-1	-1	-1	-1
13	8	6	11	2	-1	-1	-1	-1	-1	-1	-1	-1	-1
13	8	6	11	14	7	-1	-1	-1	-1	-1	-1	-1	-1
13	12	-1	-1	-1	-1	-1	-1	-1	-1	-1	-1	-1	-1
13	12	7	-1	-1	-1	-1	-1	-1	-1	-1	-1	-1	-1
13	12	7	14	-1	-1	-1	-1	-1	-1	-1	-1	-1	-1
13	12	9	-1	-1	-1	-1	-1	-1	-1	-1	-1	-1	-1
13	12	9	0	8	6	-1	-1	-1	-1	-1	-1	-1	-1
13	12	9	1	-1	-1	-1	-1	-1	-1	-1	-1	-1	-1
13	12	9	1	10	-1	-1	-1	-1	-1	-1	-1	-1	-1
13	12	9	2	-1	-1	-1	-1	-1	-1	-1	-1	-1	-1
13	12	9	4	-1	-1	-1	-1	-1	-1	-1	-1	-1	-1
14	7	-1	-1	-1	-1	-1	-1	-1	-1	-1	-1	-1	-1
14	7	12	-1	-1	-1	-1	-1	-1	-1	-1	-1	-1	-1
14	7	12	9	-1	-1	-1	-1	-1	-1	-1	-1	-1	-1
14	7	12	9	0	8	-1	-1	-1	-1	-1	-1	-1	-1
14	7	12	9	2	3	-1	-1	-1	-1	-1	-1	-1	-1
14	7	12	9	4	5	2	3	-1	-1	-1	-1	-1	-1
14	7	12	13	-1	-1	-1	-1	-1	-1	-1	-1	-1	-1
14	7	12	13	0	9	-1	-1	-1	-1	-1	-1	-1	-1
14	7	12	13	2	3	-1	-1	-1	-1	-1	-1	-1	-1
14	11	-1	-1	-1	-1	-1	-1	-1	-1	-1	-1	-1	-1
14	11	2	-1	-1	-1	-1	-1	-1	-1	-1	-1	-1	-1
14	11	2	3	0	13	-1	-1	-1	-1	-1	-1	-1	-1
14	11	2	5	-1	-1	-1	-1	-1	-1	-1	-1	-1	-1
14	11	2	5	4	9	0	13	12	-1	-1	-1	-1	-1
14	11	2	5	4	9	1	10	-1	-1	-1	-1	-1	-1
14	11	2	6	8	0	13	-1	-1	-1	-1	-1	-1	-1
14	11	2	9	-1	-1	-1	-1	-1	-1	-1	-1	-1	-1
14	11	2	9	4	-1	-1	-1	-1	-1	-1	-1	-1	-1
14	11	6	-1	-1	-1	-1	-1	-1	-1	-1	-1	-1	-1
14	11	6	2	-1	-1	-1	-1	-1	-1	-1	-1	-1	-1
14	11	6	2	10	-1	-1	-1	-1	-1	-1	-1	-1	-1
14	11	6	4	-1	-1	-1	-1	-1	-1	-1	-1	-1	-1
14	11	6	4	8	-1	-1	-1	-1	-1	-1	-1	-1	-1
14	11	6	4	8	13	12	-1	-1	-1	-1	-1	-1	-1
14	11	9	-1	-1	-1	-1	-1	-1	-1	-1	-1	-1	-1
14	11	9	0	-1	-1	-1	-1	-1	-1	-1	-1	-1	-1
14	11	9	0	3	2	13	-1	-1	-1	-1	-1	-1	-1
14	11	9	1	-1	-1	-1	-1	-1	-1	-1	-1	-1	-1
14	11	9	2	10	-1	-1	-1	-1	-1	-1	-1	-1	-1
14	11	9	12	-1	-1	-1	-1	-1	-1	-1	-1	-1	-1
