0.19 0.19 0.22 0.2 0.19 0.19 0.2 0.2 0.21 0.19 0.2 0.21 0.2 0.19 0.18 0.2 0.19 0.21 0.19 0.19 0.21 0.16 0.2 0.2 0.2 0.19 0.19 0.19 0.2 0.2 0.19 0.19 0.18 0.19 0.2 0.19 0.19 0.2 0.19 0.2 0.2 0.19 0.2 0.19 0.2 0.2 0.2 0.19 0.19 0.2 0.18 0.2 0.2 0.19 0.2 0.2 0.19 0.19 0.2 0.2 0.22 0.2 0.22 0.19 0.19 0.18 0.2 0.2 0.19 0.2 0.19 0.18 0.22 0.18 0.2 0.2 0.21 0.2 0.2 0.19 0.2 0.19 0.18 0.17 0.2 0.2 0.19 0.2 0.2 0.21 0.2 0.19 0.2 0.2 0.2 0.23 0.19 0.19 0.2 0.19
0.21 0.23 0.22 0.23 0.23 0.19 0.19 0.19 0.19 0.21 0.2 0.21 0.21 0.21 0.23 0.2 0.22 0.2 0.22 0.23 0.19 0.2 0.19 0.21 0.19 0.22 0.22 0.2 0.21 0.2 0.21 0.2 0.22 0.21 0.2 0.21 0.2 0.21 0.2 0.22 0.22 0.19 0.23 0.18 0.21 0.21 0.21 0.19 0.18 0.21 0.19 0.18 0.21 0.21 0.19 0.19 0.21 0.2 0.22 0.2 0.19 0.21 0.21 0.2 0.22 0.2 0.21 0.21 0.21 0.18 0.19 0.19 0.22 0.21 0.18 0.2 0.2 0.21 0.22 0.22 0.21 0.21 0.21 0.23 0.19 0.21 0.2 0.23 0.22 0.2 0.19 0.18 0.2 0.22 0.19 0.2 0.2 0.2 0.21 0.21
0.29 0.25 0.27 0.29 0.28 0.26 0.24 0.28 0.32 0.3 0.26 0.29 0.27 0.3 0.28 0.26 0.29 0.26 0.26 0.26 0.28 0.23 0.26 0.27 0.29 0.27 0.28 0.26 0.25 0.27 0.26 0.28 0.26 0.26 0.27 0.27 0.3 0.29 0.25 0.27 0.29 0.26 0.25 0.28 0.26 0.26 0.29 0.26 0.26 0.26 0.27 0.29 0.25 0.29 0.26 0.26 0.26 0.29 0.25 0.28 0.28 0.26 0.26 0.29 0.29 0.28 0.29 0.26 0.26 0.25 0.26 0.27 0.25 0.27 0.28 0.26 0.28 0.29 0.25 0.27 0.25 0.26 0.28 0.26 0.26 0.25 0.29 0.28 0.29 0.29 0.26 0.28 0.26 0.27 0.25 0.27 0.25 0.3 0.25 0.28
0.32 0.34 0.33 0.33 0.26 0.29 0.28 0.28 0.29 0.3 0.32 0.33 0.31 0.31 0.32 0.37 0.29 0.29 0.3 0.34 0.31 0.3 0.37 0.3 0.3 0.36 0.31 0.3 0.3 0.31 0.29 0.31 0.34 0.33 0.3 0.29 0.3 0.29 0.31 0.29 0.3 0.3 0.32 0.3 0.32 0.31 0.27 0.3 0.3 0.29 0.3 0.28 0.29 0.29 0.29 0.29 0.26 0.29 0.3 0.31 0.3 0.29 0.32 0.3 0.26 0.31 0.27 0.29 0.29 0.29 0.26 0.31 0.3 0.28 0.32 0.29 0.3 0.29 0.28 0.29 0.3 0.32 0.32 0.31 0.32 0.33 0.32 0.31 0.3 0.3 0.3 0.3 0.3 0.3 0.28 0.26 0.29 0.29 0.32 0.32
0.39 0.35 0.49 0.41 0.34 0.38 0.36 0.35 0.39 0.39 0.35 0.41 0.35 0.36 0.35 0.42 0.33 0.38 0.46 0.32 0.33 0.33 0.36 0.32 0.38 0.36 0.32 0.43 0.39 0.38 0.32 0.47 0.39 0.33 0.41 0.46 0.34 0.42 0.4 0.39 0.35 0.41 0.35 0.52 0.35 0.42 0.46 0.36 0.32 0.32 0.4 0.44 0.35 0.35 0.35 0.39 0.35 0.35 0.33 0.3 0.39 0.41 0.39 0.38 0.39 0.38 0.43 0.46 0.3 0.32 0.37 0.35 0.32 0.33 0.33 0.52 0.36 0.35 0.36 0.35 0.42 0.36 0.33 0.41 0.39 0.38 0.38 0.32 0.44 0.39 0.35 0.33 0.37 0.38 0.38 0.35 0.48 0.52 0.33 0.36
0.54 0.53 0.57 0.53 0.38 0.52 0.55 0.52 0.49 0.44 0.38 0.38 0.48 0.45 0.64 0.45 0.45 0.38 0.4 0.44 0.37 0.38 0.55 0.56 0.41 0.47 0.41 0.44 0.44 0.39 0.42 0.49 0.39 0.52 0.48 0.42 0.55 0.54 0.39 0.53 0.51 0.49 0.45 0.38 0.42 0.44 0.52 0.51 0.53 0.45 0.51 0.39 0.38 0.42 0.43 0.44 0.47 0.46 0.38 0.42 0.42 0.41 0.35 0.56 0.53 0.42 0.39 0.41 0.43 0.53 0.48 0.39 0.44 0.48 0.42 0.47 0.54 0.41 0.47 0.34 0.54 0.47 0.43 0.41 0.43 0.41 0.38 0.52 0.45 0.44 0.61 0.48 0.46 0.53 0.42 0.47 0.51 0.52 0.42 0.46
0.6 0.53 0.47 0.48 0.51 0.55 0.57 0.54 0.48 0.55 0.63 0.49 0.53 0.52 0.6 0.51 0.51 0.51 0.48 0.61 0.48 0.58 0.59 0.58 0.49 0.55 0.51 0.4 0.51 0.47 0.5 0.56 0.58 0.56 0.51 0.59 0.45 0.48 0.55 0.6 0.44 0.45 0.47 0.45 0.45 0.64 0.6 0.56 0.63 0.45 0.55 0.52 0.53 0.51 0.51 0.51 0.56 0.51 0.56 0.56 0.54 0.55 0.51 0.5 0.48 0.48 0.48 0.48 0.57 0.59 0.44 0.62 0.72 0.55 0.56 0.54 0.53 0.54 0.56 0.47 0.59 0.55 0.57 0.61 0.54 0.64 0.45 0.59 0.47 0.44 0.54 0.51 0.51 0.48 0.46 0.53 0.4 0.49 0.51 0.49
0.46 0.56 0.58 0.64 0.54 0.51 0.53 0.61 0.55 0.52 0.69 0.58 0.47 0.55 0.51 0.54 0.58 0.6 0.56 0.63 0.54 0.51 0.5 0.51 0.58 0.47 0.55 0.61 0.47 0.51 0.48 0.59 0.59 0.54 0.58 0.51 0.54 0.66 0.47 0.5 0.51 0.67 0.69 0.53 0.54 0.44 0.63 0.54 0.64 0.53 0.51 0.64 0.55 0.47 0.57 0.78 0.51 0.48 0.55 0.51 0.58 0.44 0.53 0.55 0.51 0.59 0.63 0.59 0.48 0.51 0.55 0.54 0.59 0.5 0.43 0.52 0.51 0.59 0.76 0.44 0.47 0.48 0.47 0.57 0.47 0.58 0.47 0.6 0.71 0.55 0.51 0.48 0.46 0.48 0.65 0.48 0.76 0.55 0.66 0.52
0.59 0.51 0.84 0.51 0.52 0.55 0.48 0.55 0.55 0.55 0.59 0.51 0.56 0.51 0.63 0.52 0.61 0.55 0.62 0.6 0.51 0.55 0.57 0.52 0.56 0.67 0.56 0.64 0.6 0.56 0.6 0.68 0.56 0.59 0.47 0.48 0.58 0.56 0.55 0.51 0.63 0.62 0.6 0.52 0.55 0.48 0.55 0.51 0.59 0.51 0.51 0.6 0.64 0.48 0.55 0.51 0.47 0.54 0.52 0.52 0.55 0.51 0.51 0.52 0.55 0.51 0.63 0.52 0.48 0.47 0.71 0.59 0.55 0.83 0.56 0.51 0.59 0.51 0.48 0.6 0.51 0.63 0.59 0.55 0.55 0.73 0.66 0.71 0.59 0.55 0.51 0.47 0.62 0.63 0.51 0.48 0.55 0.47 0.56 0.52
0.63 0.69 0.63 0.62 0.76 0.58 0.55 0.51 0.57 0.54 0.59 0.67 0.66 0.68 0.54 0.59 0.64 0.5 0.5 0.51 0.59 0.54 0.68 0.56 0.64 0.51 0.63 0.55 0.51 0.59 0.55 0.58 0.63 0.63 0.55 0.51 0.6 0.71 0.64 0.58 0.54 0.54 0.59 0.46 0.58 0.54 0.55 0.52 0.63 0.51 0.54 0.72 0.54 0.55 0.51 0.5 0.89 0.54 0.51 0.55 0.54 0.55 0.55 0.63 0.59 0.54 0.54 0.51 0.59 0.64 0.63 0.55 0.59 0.81 0.56 0.59 0.51 0.51 0.55 0.76 0.59 0.5 0.51 0.67 0.55 0.51 0.59 0.59 0.58 0.56 0.54 0.5 0.55 0.67 0.54 0.63 0.55 0.55 0.55 0.59
0.64 0.64 0.75 0.64 0.6 0.56 0.57 0.61 0.74 0.7 0.73 0.7 0.69 0.56 0.73 0.72 0.83 0.64 0.65 0.61 0.6 0.65 0.61 0.83 0.65 0.56 0.65 0.61 0.69 0.56 0.6 0.7 0.56 0.75 0.74 0.51 0.79 0.56 0.62 0.56 0.67 0.6 0.6 0.7 0.6 0.65 0.59 0.56 0.55 0.66 0.61 0.64 0.52 0.55 0.71 0.59 0.56 1.01 0.69 0.52 0.55 0.64 0.55 0.64 0.52 0.55 0.79 0.83 0.6 0.71 0.6 0.55 0.74 0.65 0.56 0.65 0.7 0.79 0.56 0.7 0.54 0.56 0.69 0.56 0.54 0.61 0.84 0.56 0.76 0.69 0.59 0.64 0.84 0.7 0.52 0.65 0.55 0.75 0.6 0.56
0.76 0.74 0.63 0.71 0.72 0.58 0.76 0.71 0.62 0.58 0.7 0.63 0.56 0.58 0.62 0.8 0.86 0.61 0.62 0.72 0.67 0.61 0.67 0.57 0.65 0.57 0.86 0.62 0.66 0.86 0.65 0.66 0.71 0.58 0.81 0.61 0.67 0.76 0.58 0.62 0.72 0.8 0.68 0.66 0.57 0.63 0.62 0.73 0.59 0.62 0.63 0.57 0.77 0.56 0.58 0.58 0.61 0.66 0.67 0.61 0.57 0.62 0.63 0.62 0.62 0.53 0.62 0.61 0.77 0.62 0.95 0.63 0.62 0.57 0.57 0.67 0.67 0.58 0.75 0.67 0.62 0.62 0.58 0.57 0.67 0.61 0.62 0.63 0.52 0.57 0.62 0.57 0.58 0.81 0.68 0.58 0.67 0.56 0.57 0.67
0.71 0.63 0.61 0.66 0.63 0.55 0.92 0.66 0.6 0.71 0.6 0.67 0.71 0.72 0.76 0.71 0.66 0.71 0.67 0.71 0.66 0.67 0.66 0.72 0.65 0.77 0.71 0.62 0.62 0.61 0.71 0.66 0.56 0.66 0.56 0.71 0.67 0.66 0.76 0.71 0.91 0.92 0.67 0.62 0.71 0.66 0.72 0.61 0.61 0.61 0.61 0.61 0.87 0.61 0.61 0.61 0.62 0.71 0.71 0.67 0.77 0.6 0.61 0.86 0.66 0.81 0.76 0.61 0.66 0.62 0.72 0.66 0.72 0.61 0.77 0.66 0.71 0.61 0.67 0.6 0.62 0.8 0.93 0.8 0.66 0.71 0.62 0.66 0.6 0.72 0.61 0.7 0.72 0.7 0.67 0.66 0.61 0.86 0.72 0.66
0.73 0.7 0.67 0.58 0.73 0.64 0.64 0.64 0.69 0.7 0.81 0.76 0.7 0.7 0.92 0.63 0.73 0.63 0.69 0.63 0.63 0.8 0.64 0.63 0.63 0.68 0.64 0.64 0.63 0.68 1.01 0.69 0.7 0.69 0.75 0.8 0.69 0.58 0.59 0.69 1.01 0.64 0.84 0.75 0.68 0.75 0.68 0.74 0.69 0.69 0.69 0.8 0.64 0.7 0.7 0.7 0.79 0.69 0.58 0.64 0.75 0.63 0.59 0.68 0.8 0.69 0.9 0.68 0.64 0.69 1.17 0.79 0.63 0.74 0.74 0.63 0.63 0.59 0.63 0.65 0.73 0.68 0.69 0.69 0.73 0.85 0.63 0.64 0.69 0.64 0.68 0.74 0.68 1.12 0.74 0.78 0.74 0.63 0.8 0.63
0.72 0.81 0.74 0.73 0.74 0.73 0.91 0.67 0.85 0.68 0.68 0.74 0.74 0.79 0.62 0.69 0.79 0.74 0.8 0.62 0.8 0.73 0.68 0.68 0.67 0.74 0.79 0.78 0.69 0.68 0.68 0.73 0.74 0.69 0.8 0.84 0.68 0.85 1.36 0.68 0.68 0.73 0.68 0.74 0.68 0.73 0.8 0.95 0.73 0.85 0.75 0.74 0.69 0.85 0.67 0.84 0.85 0.68 0.68 0.8 0.68 1.03 0.74 0.85 0.84 0.68 0.74 0.79 0.92 0.74 0.73 0.75 0.91 0.74 0.67 0.62 0.91 0.85 0.74 0.8 0.69 0.73 0.74 0.74 0.97 0.96 0.67 0.74 0.69 0.79 0.68 0.63 0.73 0.74 0.67 0.92 0.8 0.79 0.79 0.68
0.74 0.82 0.83 0.71 0.76 0.71 0.75 0.72 0.71 0.78 0.79 1.08 0.73 1.27 0.72 0.77 0.82 0.77 0.89 0.72 0.71 1.06 0.71 0.82 0.82 0.72 0.82 0.82 0.71 0.82 0.77 0.88 0.95 1.12 0.82 0.7 0.77 0.83 0.88 0.77 0.71 0.77 0.77 0.76 0.7 0.83 0.71 0.71 0.76 1.07 0.94 0.83 0.71 1.0 0.72 0.71 0.71 0.83 0.7 0.7 0.77 0.77 0.88 0.83 0.71 0.71 0.71 0.71 1.12 0.71 0.77 0.76 0.71 0.64 0.71 0.83 1.0 0.71 0.71 0.75 0.7 0.71 0.65 0.71 0.76 0.77 0.7 0.89 0.7 0.71 0.7 0.88 0.77 0.71 0.7 0.72 0.64 0.71 0.71 0.7
0.87 0.75 0.81 0.74 0.74 0.81 0.81 1.27 0.75 0.68 0.87 0.87 0.94 0.81 0.93 0.81 0.81 0.87 0.75 0.82 0.87 0.69 0.81 0.75 0.82 0.76 0.82 0.69 0.81 0.75 0.75 0.75 0.75 0.88 0.93 0.88 0.88 1.01 1.31 0.75 0.87 0.87 0.81 0.81 0.81 0.76 0.93 0.94 0.81 0.82 0.75 0.75 0.75 0.81 0.75 0.75 0.81 0.74 0.81 1.13 0.93 0.88 0.94 1.06 0.81 0.81 0.82 0.74 0.81 0.76 0.7 0.81 0.75 0.75 0.75 0.75 0.82 0.81 0.82 0.75 0.94 0.89 0.94 0.75 0.81 0.88 0.88 0.75 0.82 0.75 0.74 0.81 0.75 0.75 0.75 0.75 0.74 0.81 0.82 0.81
0.87 0.78 0.78 0.77 0.91 0.77 0.84 0.86 0.79 0.73 1.06 1.01 1.14 1.06 1.0 0.93 0.78 0.84 0.84 1.04 0.83 0.78 0.78 0.91 0.78 0.97 0.91 0.78 0.84 0.79 0.78 0.78 0.84 0.97 0.79 0.78 1.04 0.79 0.84 0.84 0.71 0.77 0.98 0.77 0.85 1.04 0.77 0.78 0.78 0.84 0.84 0.84 0.78 0.78 0.78 0.84 0.97 1.18 0.77 0.91 0.85 0.79 0.91 0.77 0.79 1.16 0.78 0.78 0.97 0.77 0.85 0.98 0.84 0.91 0.78 0.92 0.96 0.97 0.91 0.98 0.97 0.91 1.04 0.84 0.85 0.85 0.87 0.96 0.98 0.77 0.77 0.83 0.97 0.76 0.91 0.77 0.77 0.71 0.77 0.77
0.85 0.82 0.81 0.94 0.75 0.81 0.82 0.89 0.81 0.88 0.82 0.82 0.88 0.83 0.81 0.96 1.3 0.82 0.82 0.95 0.75 0.82 1.03 0.89 0.74 1.04 0.81 0.82 0.82 0.82 0.9 0.88 0.89 1.23 0.81 0.89 0.89 0.81 0.9 0.75 0.89 0.82 1.03 0.74 0.89 0.82 0.89 0.81 1.03 0.96 0.82 0.81 0.83 0.88 0.82 0.82 0.82 0.95 1.23 0.97 0.87 0.82 0.82 0.82 0.83 0.75 0.81 0.75 0.82 0.75 1.03 0.82 0.96 0.82 0.82 0.82 0.81 0.83 0.8 1.17 0.82 0.88 0.89 1.1 0.81 0.96 0.75 0.9 0.95 0.97 0.88 0.89 1.03 0.88 1.02 0.88 0.9 0.82 0.89 0.82
0.96 0.85 0.84 0.9 0.83 0.84 0.98 0.84 0.84 0.92 0.91 0.99 0.77 0.92 0.77 0.84 0.84 0.99 0.84 0.84 1.05 0.83 0.98 0.85 0.97 0.92 0.83 0.99 0.77 0.91 0.91 0.84 0.77 1.07 0.83 0.9 1.13 1.06 0.99 0.85 0.91 1.12 0.91 1.05 0.84 0.98 0.77 0.85 0.85 0.91 0.99 1.2 0.91 0.84 0.84 0.84 0.93 0.77 1.06 1.05 0.91 0.84 0.92 0.91 0.92 0.9 0.85 0.83 0.85 0.84 0.99 0.84 0.78 0.9 0.85 0.98 0.99 0.83 0.84 0.85 0.78 0.85 0.98 1.13 0.84 0.91 0.99 0.98 0.98 0.77 0.84 0.84 0.91 0.83 1.21 1.26 0.91 0.84 0.85 0.84
1.07 0.97 1.1 0.87 0.97 0.9 1.05 0.98 0.92 0.91 0.91 0.99 0.91 1.05 0.96 0.96 0.96 1.11 1.03 1.03 0.89 1.04 1.18 0.88 0.95 0.97 1.11 1.02 0.97 0.96 1.03 0.89 1.48 0.8 0.95 0.88 0.95 0.89 0.97 0.88 0.96 1.17 0.95 0.97 0.95 0.88 0.88 1.03 0.89 0.88 0.96 0.88 0.88 0.96 1.03 0.89 0.88 1.1 0.96 0.82 1.03 1.25 0.96 0.88 0.89 0.96 0.89 0.95 0.96 1.1 1.32 0.96 0.89 0.98 0.95 0.89 0.88 0.88 0.96 1.18 0.88 0.88 0.82 0.95 0.96 0.96 0.81 0.87 1.03 0.95 0.89 0.88 0.89 1.1 0.89 0.97 0.88 1.03 0.88 0.95
0.95 0.99 1.15 0.99 0.83 0.84 0.99 1.07 0.83 0.93 0.91 1.14 0.92 0.9 0.83 0.91 0.9 0.99 0.92 0.92 0.91 1.07 0.99 0.91 0.99 0.91 0.84 1.08 1.07 1.21 0.91 0.93 1.0 1.22 0.91 0.92 0.92 0.83 0.91 0.91 1.0 1.07 0.91 0.84 0.92 1.29 1.16 0.91 0.93 0.9 0.99 0.93 0.99 0.92 0.99 0.92 0.99 0.91 1.07 0.91 0.92 0.84 1.0 0.99 1.3 0.99 1.07 0.91 0.99 0.83 0.93 0.99 1.07 0.99 0.84 0.92 0.92 0.91 0.91 0.91 1.15 0.91 0.92 1.06 0.91 1.08 0.92 0.91 0.92 0.92 0.98 0.92 0.99 1.37 0.91 1.01 0.91 0.99 0.91 0.91
1.0 1.04 1.13 0.87 0.88 1.16 1.24 0.99 1.15 0.98 0.99 0.99 1.11 1.12 1.03 0.95 0.95 0.95 1.04 0.96 1.28 0.96 0.95 0.95 0.96 1.28 1.12 0.96 0.96 1.04 1.12 1.04 0.96 0.88 0.88 1.12 1.04 0.97 1.12 1.13 0.96 1.13 1.28 0.97 0.96 1.03 1.2 0.87 1.28 0.96 0.96 1.03 1.04 1.02 1.04 0.96 0.96 0.95 1.2 0.96 0.95 0.87 0.97 1.03 0.96 0.96 1.35 0.95 1.11 0.96 1.43 0.87 0.86 0.96 0.87 0.96 0.95 1.04 1.52 0.87 0.87 1.42 1.29 0.95 0.96 1.11 0.96 1.04 0.96 0.95 0.96 1.04 0.95 0.95 0.95 0.97 0.96 0.95 0.97 1.12
1.21 1.24 1.24 0.98 1.05 1.06 0.99 1.26 1.01 1.02 1.07 0.98 1.07 1.06 0.97 0.99 0.99 0.98 1.06 0.98 1.08 0.98 1.48 0.99 0.99 0.99 1.07 0.98 0.99 0.91 1.07 0.98 1.06 1.06 0.99 1.08 0.9 1.07 0.98 0.98 1.15 0.99 1.14 0.99 1.07 1.07 1.07 0.98 0.99 0.98 1.06 1.07 1.3 1.16 1.56 0.91 0.99 0.9 1.41 1.06 1.06 0.98 1.07 0.9 1.22 1.06 1.14 1.07 1.06 1.16 1.06 0.98 0.98 0.99 1.06 0.9 0.97 1.06 0.98 1.05 1.06 0.9 1.15 1.14 0.99 1.15 1.23 0.9 1.16 1.06 0.97 0.98 1.06 0.98 0.98 1.14 1.06 0.99 0.98 1.06
1.23 1.03 1.19 0.94 1.02 1.02 1.03 0.93 1.03 1.01 1.02 1.13 1.03 1.1 1.03 1.02 1.11 0.94 1.03 1.11 1.2 1.11 1.03 1.2 1.21 1.03 0.94 1.03 1.03 0.93 0.95 1.03 1.03 1.62 0.94 1.12 1.02 1.02 1.03 0.94 1.12 1.02 1.02 0.94 1.11 1.03 1.38 1.1 1.12 1.03 1.03 1.37 1.03 1.46 1.27 1.11 1.11 1.03 1.81 1.03 0.96 1.11 0.94 1.11 1.11 1.2 1.03 1.12 1.37 0.95 1.03 0.94 1.29 1.03 1.2 1.03 1.03 1.11 1.2 1.02 1.11 1.21 1.03 1.28 1.28 1.19 1.12 1.12 1.46 1.12 0.93 1.03 1.11 1.02 1.02 1.38 1.03 1.02 1.29 1.02
1.12 1.05 1.4 1.05 1.31 1.33 1.14 1.05 1.04 1.14 0.96 1.23 1.05 1.14 1.15 1.05 1.14 1.06 1.05 0.96 0.97 1.05 1.05 1.41 1.41 1.15 1.15 1.06 1.14 1.41 1.06 1.04 1.15 1.04 1.23 1.05 1.15 1.23 1.07 1.06 1.15 1.23 1.41 1.14 1.05 1.15 1.24 1.15 1.23 1.15 1.13 1.06 1.68 1.06 1.15 1.15 1.32 1.14 1.06 1.13 1.49 1.05 1.05 1.14 1.24 1.76 1.05 1.23 1.14 1.14 1.15 1.06 1.24 1.14 1.05 1.22 1.05 0.96 1.05 1.14 1.15 1.23 1.05 1.04 1.06 1.14 1.06 1.15 1.05 1.5 1.14 1.06 1.14 1.24 0.96 1.32 1.05 1.05 1.77 1.49
1.03 1.4 1.2 1.21 1.32 1.14 1.15 1.15 1.17 1.36 1.26 1.29 1.11 1.36 1.1 1.09 1.09 1.37 1.09 1.18 1.11 1.21 1.48 1.31 1.21 1.1 1.12 1.1 1.21 1.3 1.29 1.36 1.19 1.18 1.4 1.11 1.2 1.21 1.2 1.28 1.1 1.18 1.39 1.09 1.3 1.38 1.2 1.21 1.28 1.19 1.28 1.2 1.19 1.28 1.11 1.19 1.12 1.29 1.19 1.12 1.2 1.3 1.31 1.12 1.1 1.03 1.11 1.11 1.12 1.2 1.09 1.13 1.09 1.03 1.31 1.1 1.2 1.13 1.1 1.11 1.5 1.1 1.11 1.13 1.1 1.1 1.22 1.21 1.2 1.22 1.57 1.11 1.12 1.1 1.12 1.3 1.39 1.1 1.4 1.38
1.46 1.32 1.34 1.51 1.24 1.24 1.25 1.36 1.24 1.13 1.12 1.12 1.13 1.14 1.21 1.06 1.03 1.23 1.13 1.35 1.12 1.41 1.21 1.34 1.13 1.22 1.78 1.14 2.1 1.31 1.14 1.12 1.52 1.41 1.14 1.12 1.23 1.12 1.13 1.31 1.14 1.53 1.13 1.16 1.12 1.13 1.13 1.14 1.12 1.12 1.34 1.14 1.24 1.16 1.03 1.12 1.12 1.14 1.51 1.03 1.21 1.4 1.11 1.21 1.5 1.13 1.14 1.12 1.33 1.24 1.21 1.13 1.24 1.21 1.14 1.05 1.12 1.22 1.33 1.13 1.14 1.23 1.12 1.22 1.24 1.12 1.32 1.33 1.21 1.22 1.15 1.03 1.41 1.14 1.22 1.41 1.23 1.02 1.11 1.12
1.11 1.19 1.06 1.17 1.06 1.36 1.27 1.2 1.18 1.26 1.15 1.17 1.16 1.16 1.17 1.16 1.16 1.16 1.06 1.26 1.36 1.17 1.45 1.16 1.07 1.25 1.17 1.15 1.26 1.36 1.17 1.66 1.27 1.08 1.35 1.16 1.27 1.25 1.16 1.17 1.16 1.07 1.27 1.27 1.16 1.27 1.15 1.36 1.27 1.34 1.17 1.27 1.27 1.45 1.17 1.16 1.17 1.36 1.17 1.17 1.16 1.18 1.16 1.36 1.16 1.18 1.26 1.06 1.16 1.27 1.45 1.27 1.17 1.17 1.47 1.15 1.17 1.35 1.16 1.35 1.07 1.26 1.17 1.07 1.05 1.27 1.16 1.17 1.85 1.37 1.18 1.26 1.45 1.27 1.08 1.16 1.06 1.46 1.35 1.16
1.26 1.2 1.12 1.11 1.19 1.32 1.19 1.4 1.39 1.2 1.7 1.21 1.24 1.44 1.31 1.29 1.08 1.38 1.3 1.81 1.4 1.33 1.21 1.34 1.36 1.64 1.22 1.25 1.31 1.4 1.42 1.2 1.2 1.19 1.09 1.3 1.3 1.49 1.9 1.44 1.33 1.21 1.31 1.2 1.52 1.42 1.52 1.41 1.22 1.58 1.31 1.22 1.23 1.4 1.45 1.24 1.32 1.21 1.15 1.44 1.19 1.21 1.21 1.41 1.28 1.21 1.19 1.09 1.3 1.19 1.21 1.32 1.1 1.18 1.2 1.49 1.19 1.49 1.22 1.1 1.82 1.65 1.24 1.53 1.24 1.27 1.55 1.12 1.19 1.49 1.41 1.61 1.41 1.22 1.45 1.21 1.2 1.42 1.23 1.2
1.29 1.24 1.33 1.33 1.24 1.23 1.24 1.24 1.44 1.34 1.45 1.23 1.35 1.23 1.34 1.23 1.65 1.14 1.12 1.23 1.34 1.85 1.34 1.23 1.24 1.45 1.55 1.24 1.35 1.12 1.25 1.43 1.14 1.34 1.34 1.14 1.23 1.46 1.35 1.23 1.66 1.44 1.24 1.14 1.25 1.55 1.25 1.24 1.24 1.34 1.14 1.23 1.55 1.24 1.24 1.13 1.34 1.24 1.24 1.34 1.45 1.65 1.24 1.24 1.24 1.24 1.34 1.25 1.24 1.34 1.24 1.35 1.25 1.34 1.35 1.66 1.66 1.24 1.34 1.23 1.35 1.23 1.45 1.35 1.35 1.34 1.24 1.33 1.34 1.24 1.55 1.34 1.24 1.24 1.34 1.24 2.08 1.24 1.14 1.25
1.65 1.39 1.26 1.47 1.49 1.26 1.37 1.28 1.27 1.36 1.27 1.27 1.26 1.28 1.48 1.26 1.16 1.37 1.39 1.26 1.48 1.28 1.37 1.8 1.27 1.27 1.16 1.27 1.26 1.37 1.48 1.38 1.26 1.49 1.16 1.27 1.16 1.37 1.38 1.38 1.4 1.48 1.38 1.17 1.49 1.27 1.49 1.28 1.28 1.26 1.28 1.27 1.16 1.17 1.59 1.26 1.59 1.16 1.27 1.38 1.47 1.38 1.27 2.23 1.48 1.36 1.16 1.26 1.38 1.28 1.59 1.17 1.37 1.28 1.26 1.16 1.38 1.37 1.28 1.28 1.37 1.27 1.37 1.27 1.26 1.16 1.16 1.38 1.37 1.27 1.48 1.27 1.37 1.59 1.18 1.37 1.28 1.48 1.18 1.36
1.26 1.32 1.4 1.31 1.31 1.31 1.42 1.32 1.52 1.31 1.32 1.31 1.2 1.65 1.42 1.31 1.32 1.76 1.31 1.41 1.32 1.32 1.43 1.31 1.65 1.66 1.31 1.86 1.53 1.33 1.31 1.43 1.31 1.31 1.42 1.43 1.32 1.3 1.32 1.31 1.2 1.31 1.31 1.86 1.32 1.3 1.44 1.31 1.3 1.3 1.66 1.32 1.31 1.31 1.21 1.31 1.42 1.65 1.76 1.31 1.2 1.32 1.55 1.43 1.2 1.33 1.31 1.54 1.44 1.42 1.64 1.32 1.43 1.31 1.88 1.43 1.31 1.32 1.32 1.31 1.32 1.43 1.31 1.32 1.32 1.65 1.32 1.21 1.21 1.43 1.21 1.53 1.43 1.43 1.31 1.32 1.32 1.43 1.32 1.66
1.48 1.48 1.49 1.24 1.57 1.72 1.58 1.39 1.45 1.26 1.56 1.33 1.44 1.7 1.7 1.46 1.34 1.37 1.53 1.4 1.65 1.42 1.3 1.33 1.78 1.34 1.46 1.46 1.33 1.58 1.34 1.46 1.65 1.41 1.41 1.33 1.24 1.34 1.45 1.58 1.45 1.35 1.44 1.46 1.46 1.77 1.56 1.8 1.35 2.13 1.34 1.92 1.34 1.42 1.34 1.41 1.45 1.53 1.24 1.4 1.4 1.33 1.33 1.56 1.44 1.45 1.54 2.01 1.49 1.34 1.44 1.22 1.57 1.67 1.76 1.33 1.78 1.33 1.77 1.46 1.41 1.57 1.59 1.34 1.34 1.33 1.57 1.33 1.52 1.47 1.42 1.34 2.01 1.34 1.33 1.46 1.67 1.65 1.57 1.54
1.53 1.5 1.37 1.46 1.4 1.98 1.38 1.52 1.51 1.47 1.47 1.36 1.25 1.36 1.48 1.49 1.59 1.35 1.37 1.71 1.36 1.36 1.25 1.48 1.6 1.36 1.36 1.36 1.37 1.23 1.35 1.47 1.36 1.47 1.37 1.69 1.47 1.36 1.24 1.47 1.47 1.59 1.36 1.35 1.47 1.58 1.47 1.35 1.47 1.24 1.35 1.25 1.47 1.36 1.24 1.47 1.35 1.36 1.59 1.37 1.35 1.36 1.35 1.36 1.48 1.35 1.47 1.47 1.7 1.47 1.59 1.24 1.7 1.37 1.47 1.7 1.47 1.7 1.36 1.35 1.6 1.47 1.36 1.47 1.24 1.71 1.47 1.37 1.35 1.6 1.69 1.36 1.36 1.37 2.5 1.36 1.48 1.36 1.81 1.47
1.47 1.42 1.31 1.65 1.4 1.7 1.57 1.45 1.44 1.41 1.41 1.29 2.23 1.76 1.53 1.53 1.4 1.41 1.65 1.4 1.41 1.53 1.64 1.52 1.41 2.0 1.42 1.3 1.4 1.41 1.41 1.53 1.56 1.41 1.52 1.68 1.53 1.41 1.31 2.0 2.23 1.56 1.4 1.64 1.67 1.53 1.99 1.55 1.4 1.41 1.55 1.52 1.53 1.44 1.4 1.29 1.42 1.53 1.75 1.68 1.41 1.52 1.55 1.53 1.41 1.68 1.52 1.65 1.42 1.42 1.64 1.32 1.29 1.77 1.31 1.77 1.41 1.54 1.42 1.29 1.92 1.64 1.41 1.55 1.64 1.53 1.55 1.89 1.52 1.31 1.53 1.89 1.67 1.66 1.52 1.42 1.28 1.54 1.31 1.53
1.49 1.45 1.43 1.73 1.47 1.98 1.72 1.49 1.48 1.57 1.45 1.56 1.45 2.05 2.04 1.69 1.44 1.45 1.32 1.57 1.67 1.33 1.31 1.68 1.57 1.56 1.8 1.81 1.69 1.68 1.69 1.44 1.44 1.33 1.93 1.69 1.44 1.94 1.56 1.32 1.44 1.46 1.81 1.46 1.44 1.44 1.45 1.43 1.44 1.56 1.32 1.82 1.81 1.8 1.44 1.44 1.57 1.56 1.44 1.45 1.8 1.57 2.05 1.57 1.56 1.55 1.32 1.69 1.57 1.57 1.32 1.82 1.43 1.57 1.45 1.44 1.57 2.05 1.45 1.45 1.93 1.44 1.56 1.56 1.44 1.45 1.57 1.57 1.44 2.54 1.58 1.56 1.45 1.44 1.45 1.45 1.57 1.69 1.44 1.45
1.67 1.88 1.58 1.51 1.47 1.86 1.58 1.89 1.74 1.61 1.51 1.52 1.6 1.48 1.65 2.28 2.1 1.99 1.98 1.98 1.51 1.52 1.52 1.63 1.73 1.78 1.48 1.51 1.48 1.98 1.58 1.47 1.58 1.61 1.59 1.61 1.73 1.61 1.5 1.86 1.63 2.11 1.58 1.59 2.26 1.57 1.49 2.52 1.86 1.85 1.73 1.6 1.48 1.98 1.49 1.49 1.61 1.59 1.49 1.72 1.49 1.51 1.61 1.65 1.48 1.48 1.49 1.47 1.73 1.85 1.36 1.64 1.86 1.51 2.12 1.36 1.36 1.62 1.73 1.49 1.6 1.62 1.59 1.35 2.23 1.61 1.49 1.62 1.48 1.61 1.62 1.48 1.37 1.57 1.6 1.73 1.57 2.09 1.49 1.61
1.56 1.51 1.64 1.51 1.65 1.52 1.52 1.78 1.52 1.78 2.03 1.52 1.77 1.89 1.52 1.52 1.77 1.65 1.52 1.77 1.64 1.76 1.65 1.65 1.52 1.9 1.65 1.52 1.52 1.65 1.5 1.39 1.53 1.64 1.65 1.5 1.4 1.52 2.29 1.77 1.77 1.65 1.52 1.77 1.78 1.52 2.03 1.65 1.52 1.64 2.02 1.63 1.51 1.65 1.9 1.77 1.76 1.51 1.78 1.64 1.39 1.77 1.78 1.57 1.88 1.88 1.5 1.64 1.5 1.88 1.5 1.5 1.49 1.5 1.38 1.37 1.76 1.64 1.5 1.63 1.64 2.01 1.5 1.9 1.5 1.63 1.76 1.5 1.51 1.49 1.63 1.62 1.5 1.5 1.63 1.49 2.39 1.49 2.14 1.63
1.64 1.66 1.48 2.46 1.65 1.66 1.65 1.64 1.91 1.65 2.05 1.61 1.63 1.63 1.89 1.9 1.5 1.79 2.48 1.64 1.63 1.64 1.75 1.9 1.9 1.63 1.63 1.79 1.77 1.63 1.91 1.71 1.56 1.56 1.55 1.56 1.43 1.55 1.7 1.56 1.56 1.43 1.69 1.55 1.82 1.68 1.69 1.69 1.7 1.56 2.08 1.56 1.7 1.69 1.82 1.56 1.7 1.43 1.42 1.57 1.68 1.69 1.95 2.49 1.43 1.57 1.7 1.69 1.7 1.55 1.57 1.69 1.69 1.7 1.69 2.08 1.56 1.58 1.69 1.69 2.21 1.83 1.56 1.82 1.7 1.57 1.56 1.69 2.48 1.96 1.69 1.42 1.57 1.58 1.43 1.59 1.43 1.45 1.7 1.81
1.78 1.91 1.64 1.5 1.63 2.18 1.77 1.64 1.64 1.51 2.2 2.21 1.64 2.04 1.78 1.92 1.77 1.64 1.65 1.77 1.79 1.65 1.65 1.78 2.22 1.64 1.51 1.51 1.79 1.79 1.9 1.66 2.32 1.65 1.65 1.78 1.77 1.65 2.05 1.65 1.78 1.77 1.64 1.76 1.77 1.64 1.63 1.65 1.78 2.06 2.05 1.79 1.64 1.77 1.63 1.64 1.63 1.79 1.79 1.64 1.66 1.65 1.65 1.64 2.06 1.64 1.65 1.91 1.66 1.51 1.79 1.65 1.79 1.65 1.79 1.77 1.78 1.64 1.79 1.64 1.79 1.63 1.64 1.5 1.79 1.63 1.65 1.5 2.46 1.77 1.8 1.48 1.64 1.77 1.63 1.63 1.63 1.79 2.46 1.64
1.58 1.71 1.7 1.85 2.15 1.98 1.72 1.7 1.73 2.32 1.75 1.73 2.04 1.72 1.71 1.73 2.63 1.58 1.73 1.72 1.72 1.86 1.89 2.0 1.86 1.72 2.17 1.89 1.72 2.01 1.88 1.86 2.02 1.99 1.88 1.59 1.59 2.02 2.31 1.73 1.74 1.74 1.88 2.01 1.71 1.56 2.01 1.71 1.71 1.69 1.83 1.97 2.13 1.69 1.69 1.7 1.85 1.7 1.85 1.56 1.71 1.98 1.84 1.72 2.0 1.87 1.55 1.73 1.69 1.84 1.55 1.84 1.7 2.11 1.7 2.16 1.74 1.59 1.72 1.87 1.71 2.0 1.99 1.87 1.84 1.83 1.7 1.99 1.86 2.43 2.15 1.56 1.85 1.83 1.72 1.87 1.88 1.72 1.73 1.72
1.83 2.23 1.78 1.78 1.92 1.76 2.07 1.77 1.95 1.81 1.95 2.08 1.78 1.92 2.23 1.79 1.79 1.92 1.92 1.62 1.78 2.69 1.79 2.07 1.77 1.78 1.77 1.79 1.93 1.82 1.8 2.55 1.8 1.8 1.8 2.11 1.8 2.08 1.95 1.92 1.78 1.93 2.08 1.95 1.78 1.79 2.23 1.79 1.94 2.08 1.94 1.79 1.77 2.23 1.79 1.8 1.78 1.82 1.65 2.24 2.1 1.94 1.93 2.25 2.12 1.81 1.96 1.98 1.79 1.81 1.95 1.79 1.94 1.95 1.63 1.94 1.64 2.09 2.24 1.96 2.39 1.79 1.63 1.93 2.09 1.78 1.78 1.77 1.93 1.95 2.07 1.78 1.8 1.83 1.78 1.79 1.78 1.92 1.93 1.78
1.92 1.77 1.91 2.38 2.24 2.28 1.8 1.95 1.79 1.95 1.93 1.92 1.78 2.09 1.79 2.11 1.62 1.93 2.22 2.24 2.07 1.8 1.77 1.8 2.07 2.08 1.62 1.77 1.77 1.8 1.9 1.95 1.78 2.07 2.07 2.08 1.76 1.78 1.77 1.75 1.77 1.75 1.92 1.77 1.76 2.51 2.35 1.62 2.05 1.77 2.06 2.07 2.22 1.77 2.21 1.77 2.21 1.93 1.79 1.77 2.55 1.77 1.77 1.93 1.78 2.51 1.76 2.07 2.2 1.91 2.5 2.05 2.06 1.77 1.76 1.76 1.75 1.9 1.76 1.75 1.76 1.77 1.91 1.75 1.61 1.74 1.76 2.36 1.91 2.05 1.77 1.92 1.76 2.49 1.77 1.91 1.61 1.77 2.05 1.76
1.78 1.89 1.73 2.17 1.62 1.87 1.93 1.91 2.02 2.17 1.6 1.73 1.74 1.73 2.04 1.89 1.73 2.02 1.74 1.58 1.74 1.73 2.03 1.89 1.73 1.59 1.74 1.6 1.88 1.89 2.03 1.88 1.59 1.74 1.75 1.88 1.74 1.72 1.73 2.02 1.73 2.46 1.59 1.73 2.17 2.33 1.88 1.74 1.88 1.6 1.88 1.88 1.59 1.89 1.73 1.59 1.87 1.88 2.32 1.88 2.02 2.02 2.03 1.73 1.88 1.73 1.88 1.74 2.03 1.88 1.88 2.18 1.87 1.75 1.74 1.88 1.9 1.73 1.89 1.74 1.88 1.88 2.62 1.88 1.74 2.02 1.74 1.75 1.72 2.62 1.73 1.88 1.72 2.18 2.17 1.88 2.02 1.74 1.74 1.88
1.95 2.24 1.93 1.77 2.24 1.79 2.06 1.93 1.78 2.09 1.63 1.78 1.93 1.78 1.79 1.78 1.77 2.09 2.08 1.94 1.93 1.79 2.84 1.63 1.93 1.78 1.79 2.4 1.64 1.64 1.79 1.95 2.24 1.62 2.08 1.94 2.09 2.08 1.92 1.79 2.39 1.92 2.09 1.77 1.79 1.94 1.79 2.09 1.78 1.64 1.92 1.93 1.77 1.76 1.93 1.92 1.93 1.93 1.78 1.62 2.1 2.08 1.93 1.77 1.79 1.77 1.77 1.77 1.92 1.61 1.78 1.78 1.77 1.79 1.77 1.63 1.92 2.23 1.78 2.98 1.78 2.09 1.78 1.79 1.78 1.93 1.63 1.79 2.09 1.78 1.78 2.09 1.79 1.78 1.77 1.77 1.78 1.64 1.62 2.08
2.16 1.67 1.83 2.48 1.84 1.85 1.82 2.11 1.66 1.82 2.12 2.11 2.89 1.66 2.58 1.66 1.97 1.82 2.58 1.96 2.44 1.82 1.98 1.82 1.83 1.67 1.82 1.82 2.43 1.98 2.13 1.82 1.84 2.43 2.31 1.97 1.84 1.82 2.14 1.83 1.83 1.85 1.82 1.84 1.98 1.82 1.66 1.68 1.98 1.67 2.28 2.3 1.83 2.58 1.82 2.12 1.81 1.82 1.83 1.97 1.82 1.82 1.98 2.12 1.82 1.8 1.82 1.82 2.28 1.96 2.13 1.81 1.82 2.12 1.96 1.97 1.81 1.81 1.82 2.28 2.27 1.96 1.81 1.66 2.28 1.81 2.27 1.82 1.98 1.97 1.81 1.82 1.81 1.97 1.66 1.82 2.11 1.98 1.81 1.82
2.54 1.85 1.85 1.85 1.86 1.84 2.32 1.7 1.69 2.16 2.01 1.84 2.32 2.01 1.84 1.85 1.86 1.85 1.68 1.85 2.0 1.85 1.85 1.84 2.0 2.47 1.84 1.86 2.02 1.84 2.01 2.01 1.86 1.69 2.01 1.85 1.7 1.85 2.48 2.49 2.33 2.01 2.01 2.01 1.87 1.86 2.46 1.86 2.01 1.85 1.86 1.85 1.86 1.84 2.32 2.17 1.86 2.01 2.17 2.02 1.85 2.33 2.02 1.85 2.02 2.0 1.85 2.01 1.85 1.84 1.86 1.85 1.87 2.01 1.86 2.0 2.01 1.86 1.69 2.02 2.15 2.17 2.02 2.02 1.86 1.87 1.85 2.18 1.87 1.87 2.01 2.02 1.86 1.86 2.01 1.86 2.34 1.71 1.71 2.18
1.93 1.72 2.68 2.03 1.92 2.08 1.91 1.73 2.51 1.89 1.87 1.89 1.72 2.04 1.73 2.04 2.2 2.2 1.72 2.21 2.05 1.72 2.19 1.89 2.2 2.19 2.03 1.72 1.88 1.89 2.03 1.88 1.88 1.88 2.04 2.03 2.04 1.71 1.88 1.87 1.88 1.87 1.72 1.87 2.04 2.67 1.86 1.88 1.72 1.87 1.88 2.03 2.03 1.87 1.88 2.18 2.34 2.03 1.87 2.36 2.03 1.89 1.87 1.89 1.87 1.88 1.89 1.88 1.87 1.88 1.87 1.88 1.88 1.88 2.03 1.89 1.88 1.89 2.19 2.36 1.87 1.87 2.04 1.88 2.51 1.88 1.88 1.88 1.87 1.87 2.04 2.52 1.87 1.88 1.87 1.88 1.72 1.89 2.02 2.36
2.28 1.98 2.1 2.25 1.79 1.93 1.93 1.94 2.1 2.24 1.93 2.08 1.93 2.42 1.92 1.76 1.92 1.93 1.92 2.42 1.93 1.92 1.77 2.26 2.42 2.26 2.09 2.42 2.09 1.93 1.91 1.93 2.92 2.25 2.11 2.08 1.77 2.11 1.93 1.76 1.94 1.92 1.93 1.93 1.93 2.08 1.93 1.93 2.4 1.76 2.25 1.94 2.24 1.93 2.1 1.77 2.58 1.93 2.1 1.76 1.81 2.09 1.93 2.09 1.94 1.95 2.1 1.93 2.75 1.77 2.09 1.92 1.94 1.75 2.26 1.92 2.25 1.93 2.26 1.77 1.77 1.92 2.25 1.93 1.91 2.41 2.25 2.08 2.41 2.29 2.73 2.09 2.73 1.92 1.93 2.42 2.26 2.09 1.94 2.4
1.81 1.97 2.61 2.28 1.95 2.28 2.61 1.96 1.95 1.96 1.79 1.96 1.95 1.8 2.62 2.29 2.12 1.96 1.96 1.96 2.12 1.95 1.96 2.12 1.78 2.13 1.96 1.96 1.95 1.95 2.13 2.12 1.95 1.96 2.12 2.29 2.28 1.95 1.95 2.12 2.95 2.12 1.95 2.13 1.8 1.96 2.13 1.97 1.96 2.28 2.13 1.78 1.97 2.61 2.11 1.96 1.97 1.96 2.11 1.95 2.94 1.95 1.96 2.12 1.94 2.13 2.11 2.77 2.12 2.13 1.94 2.28 1.95 2.28 1.78 1.79 1.96 2.43 2.11 1.96 1.96 1.94 1.95 2.28 2.28 1.95 2.3 1.95 1.96 2.29 1.95 1.95 2.29 1.97 2.13 2.14 1.97 2.12 2.14 1.96
1.88 2.52 2.17 1.86 2.03 2.01 2.0 2.16 1.99 2.0 1.99 2.0 2.17 2.0 2.18 2.17 1.83 2.34 2.0 2.51 2.33 2.35 2.01 2.16 2.01 2.17 2.0 2.01 2.17 2.51 2.17 2.01 2.01 2.51 2.34 2.0 2.0 2.01 2.19 2.0 2.0 2.17 1.99 2.0 1.82 2.16 2.18 2.83 2.0 2.0 1.83 2.17 2.84 2.34 1.83 1.99 2.5 2.16 2.16 1.99 2.16 2.39 1.98 2.46 2.12 2.13 1.98 2.13 1.97 1.81 1.96 1.98 1.97 1.98 2.14 2.13 1.96 2.13 1.97 2.63 2.13 1.8 1.96 2.47 2.96 1.97 2.3 1.96 2.63 1.96 2.47 2.3 1.96 1.97 1.97 2.3 1.97 2.3 2.8 2.13
3.13 2.08 2.08 2.08 2.46 1.93 2.27 2.11 2.26 2.11 2.28 2.1 2.1 2.27 2.25 2.09 1.9 2.09 2.27 2.96 2.28 1.95 2.46 2.45 2.11 2.42 2.08 2.09 2.25 2.09 2.07 2.1 2.25 2.08 2.08 2.25 2.25 2.08 2.09 2.07 2.07 2.08 2.43 2.08 2.08 2.08 2.79 2.79 2.09 2.09 1.92 2.42 2.08 2.43 2.07 2.26 2.08 2.09 2.08 2.43 2.09 2.09 2.26 2.42 2.07 2.24 2.08 2.08 2.07 2.09 2.44 2.27 2.43 2.08 2.25 2.44 1.92 1.92 2.1 2.97 2.09 2.28 2.08 2.07 2.62 2.27 2.45 2.1 2.1 2.09 2.43 2.44 2.25 2.45 2.08 2.11 1.91 2.1 2.09 2.46
2.49 2.1 1.96 1.97 2.28 2.12 2.28 2.34 2.16 3.02 2.11 2.11 2.09 2.81 1.93 1.93 2.1 2.12 2.29 2.29 1.95 2.47 2.47 2.13 2.46 2.12 2.28 2.13 2.29 2.39 2.18 2.35 2.36 2.36 2.17 2.17 2.3 2.34 3.02 2.37 1.93 2.0 2.66 2.13 2.47 2.12 2.47 2.13 3.1 2.12 2.16 2.12 2.36 2.64 2.16 2.11 2.11 2.37 2.12 2.19 2.12 2.17 2.29 2.55 2.1 1.97 3.23 2.35 2.33 2.15 2.52 2.3 2.7 2.09 2.35 2.44 2.32 2.23 2.14 2.47 2.14 2.11 1.95 2.64 2.1 2.11 2.09 2.5 2.11 2.5 2.45 2.13 2.1 2.6 2.27 2.42 2.09 2.42 2.09 3.73
2.31 2.14 2.12 2.29 2.13 2.1 2.27 2.81 2.11 2.49 2.1 3.34 2.47 2.28 2.1 2.28 2.1 1.93 2.1 2.1 2.64 2.46 2.45 2.29 2.27 2.11 2.46 2.11 2.1 2.29 2.1 2.29 2.46 2.47 2.29 2.1 2.81 1.93 1.92 2.29 2.65 2.1 2.63 2.85 2.29 2.14 2.1 2.29 2.27 2.47 2.31 2.12 2.28 2.13 2.11 2.1 2.28 1.94 2.1 2.46 2.29 2.11 2.12 2.65 2.29 2.3 2.82 2.28 2.11 2.44 2.48 2.98 2.12 2.46 2.66 1.93 2.1 2.46 1.93 2.29 2.09 2.29 2.27 2.11 2.27 2.1 2.46 2.11 2.11 2.1 1.92 2.29 2.1 2.65 2.1 2.45 1.93 2.46 2.11 1.93
2.36 2.52 2.13 2.14 2.13 2.67 2.68 2.13 2.67 2.84 2.31 2.49 2.14 2.13 2.85 2.13 2.15 2.12 2.5 2.13 2.86 2.14 2.66 2.13 3.73 2.14 3.39 2.32 2.13 2.14 2.31 2.14 1.95 2.31 2.15 2.14 2.14 2.14 2.52 2.14 2.14 2.51 2.13 2.16 2.32 2.33 2.14 2.14 2.32 2.34 1.97 2.15 2.32 1.97 1.94 2.14 2.13 2.14 2.13 2.51 2.31 2.33 2.5 2.5 2.14 2.33 2.32 1.96 2.51 1.95 2.51 2.13 2.15 1.94 2.33 2.13 2.13 2.14 2.15 2.15 2.14 2.14 2.13 2.32 2.14 2.12 2.33 2.31 1.95 2.12 2.15 2.14 2.14 2.13 2.34 2.14 2.14 2.15 2.14 2.32
2.2 2.54 2.2 2.38 2.21 2.56 2.2 2.18 2.17 2.38 2.72 2.17 2.19 2.18 2.17 2.36 2.37 2.18 2.18 2.92 2.54 2.18 2.74 2.18 2.73 2.56 2.19 2.36 2.19 2.18 2.35 2.17 2.19 2.17 2.19 2.36 1.99 2.18 2.17 2.18 2.36 2.18 2.37 2.18 2.17 2.36 2.19 2.73 2.36 2.37 2.18 2.19 2.17 2.0 2.17 2.0 2.36 2.19 2.37 2.37 2.18 2.36 1.99 2.19 2.73 2.19 2.18 2.55 2.38 2.0 2.19 2.19 3.28 2.19 2.0 2.0 2.19 2.18 2.19 2.2 2.73 2.39 2.36 2.21 2.19 2.2 2.38 2.19 2.56 2.0 2.0 2.56 2.18 2.37 2.37 2.0 2.74 2.37 2.74 2.19
2.64 2.03 2.56 2.58 2.21 2.77 2.21 2.21 2.2 2.22 2.76 2.41 2.01 2.21 2.38 2.21 2.21 2.4 2.2 2.21 2.38 2.22 2.39 2.41 2.2 2.39 2.2 2.21 2.02 3.15 2.02 2.2 2.4 2.59 2.21 2.19 2.2 2.2 2.39 2.38 2.39 2.39 2.39 2.21 2.4 2.4 2.21 2.21 3.14 2.21 2.58 2.21 2.21 2.39 2.03 2.41 2.02 2.39 2.21 2.2 2.4 2.21 2.41 2.57 2.6 2.22 2.6 2.4 2.22 2.21 2.78 2.04 2.96 2.39 2.4 2.21 2.4 2.22 3.34 2.95 2.02 2.2 2.21 2.75 2.21 2.19 2.4 2.21 2.38 2.78 2.21 2.22 2.4 2.78 3.15 2.21 2.21 2.23 2.03 2.77
2.8 3.29 2.32 2.88 2.49 2.1 2.89 2.28 2.3 2.68 2.11 2.28 2.5 2.09 2.68 2.08 2.51 2.87 2.9 2.68 2.12 2.71 2.12 2.31 2.32 2.5 2.31 2.82 2.38 2.61 3.01 3.71 2.81 2.38 2.49 2.48 2.3 3.63 2.29 2.67 2.3 2.86 2.29 2.29 2.69 2.69 2.49 2.83 2.84 3.71 2.58 2.82 2.59 2.67 3.45 2.29 2.6 2.28 2.83 2.66 2.6 2.69 2.81 3.11 2.59 3.13 2.61 2.94 2.49 2.09 2.49 2.29 2.1 2.29 2.3 2.29 3.26 2.83 2.62 2.6 2.82 2.59 3.47 2.71 2.09 2.68 2.47 2.49 2.7 2.31 2.3 2.5 2.11 2.5 2.11 2.29 2.87 2.8 3.04 2.61
3.29 2.28 2.66 2.29 2.3 2.29 2.08 2.27 2.88 2.66 2.29 2.48 2.48 2.28 2.29 2.29 3.27 2.28 2.1 2.29 2.29 2.28 2.47 2.46 2.48 2.29 2.67 2.28 2.66 2.29 2.48 2.49 2.51 3.07 2.68 2.47 2.5 2.27 2.3 2.47 2.31 2.67 2.3 2.49 2.87 2.3 2.11 2.32 2.34 2.35 2.32 3.66 2.49 2.3 2.7 2.75 2.5 3.24 2.85 2.49 2.85 3.06 2.29 2.29 2.13 2.49 2.29 2.29 2.49 3.25 2.67 2.09 2.65 2.09 2.49 2.47 2.3 2.46 2.29 2.27 2.49 2.27 2.49 2.85 2.28 2.68 2.29 2.87 2.3 2.29 2.49 2.87 2.49 3.06 2.86 2.85 2.49 2.86 2.5 2.88
2.35 2.51 2.32 2.55 2.35 2.52 2.51 2.51 2.32 2.13 2.7 2.31 2.91 3.89 2.32 2.52 2.7 2.13 2.51 2.32 2.33 2.32 2.32 2.52 2.32 2.32 2.9 2.34 2.91 2.31 2.11 2.51 2.51 2.31 2.31 2.33 2.91 2.51 2.33 2.52 2.51 2.5 2.32 2.31 3.1 2.91 2.51 2.94 2.9 2.14 2.71 2.32 2.52 2.71 2.32 2.52 2.13 2.52 2.12 2.32 2.52 2.32 2.32 2.33 2.52 2.72 2.33 2.72 2.33 2.13 2.51 2.32 2.91 2.13 2.91 2.32 3.09 2.5 2.51 2.33 2.3 2.51 2.31 2.31 2.32 2.13 2.12 2.33 2.5 2.51 2.31 2.32 2.32 2.31 2.32 2.51 2.32 2.32 2.91 2.33
2.4 2.55 2.36 2.36 2.55 2.37 2.56 3.76 2.57 2.36 2.36 2.37 2.56 2.36 2.36 2.56 2.75 2.36 2.35 2.77 3.54 2.55 2.36 2.76 3.76 2.35 2.55 2.36 2.35 2.15 2.55 2.36 2.75 2.36 2.35 2.36 2.34 2.75 2.34 2.36 2.77 2.36 2.96 2.36 2.36 2.35 2.57 2.37 2.35 2.55 2.37 3.15 2.57 2.76 2.38 2.34 2.94 2.36 2.36 2.76 2.56 2.56 2.35 2.77 2.59 2.57 2.56 2.36 2.36 2.15 2.36 2.55 2.55 2.35 2.74 2.56 3.74 2.34 2.57 2.37 2.35 2.36 2.56 2.77 3.37 2.76 2.38 2.37 2.57 2.36 2.57 2.17 2.36 2.37 2.15 2.76 3.15 2.95 2.34 2.37
2.62 2.23 2.79 2.22 2.85 3.42 2.4 2.4 2.39 2.6 2.4 2.4 2.6 2.4 2.2 2.4 2.4 2.6 2.6 2.81 3.01 2.39 2.19 2.61 2.8 2.61 2.39 2.82 4.01 2.2 2.6 2.59 2.61 2.4 2.81 2.4 2.39 2.8 2.6 2.38 2.42 2.83 2.8 2.6 2.6 2.39 2.4 2.39 2.39 2.39 2.39 3.01 2.4 2.19 2.39 2.4 3.0 2.39 2.39 2.6 2.19 2.4 2.4 4.02 2.39 3.61 2.61 2.41 2.4 2.59 2.61 3.0 2.59 2.39 2.61 2.4 3.42 3.01 2.4 2.39 2.4 2.79 2.4 3.2 2.39 2.8 2.39 2.39 2.66 2.37 2.36 2.56 2.36 2.76 2.56 3.76 2.37 2.57 2.78 2.98
2.47 2.43 2.42 2.83 2.44 2.42 2.84 2.41 2.64 2.21 2.22 2.63 2.44 2.42 2.43 2.42 2.63 2.43 2.64 2.84 2.63 2.64 2.64 2.44 2.84 2.43 2.23 2.44 2.64 2.64 2.64 2.42 2.64 2.43 2.64 2.83 2.65 2.42 2.24 2.44 2.42 2.42 2.63 2.62 2.43 2.84 2.84 3.04 2.44 2.63 2.86 2.64 2.43 2.43 2.84 2.66 2.65 2.45 2.42 2.64 2.44 2.64 2.65 2.63 2.64 2.43 3.05 3.24 2.65 2.42 2.84 2.43 3.04 2.85 2.43 3.05 2.63 2.42 2.83 2.44 2.84 2.45 3.66 2.64 2.64 2.44 2.42 2.65 2.63 3.48 2.43 2.65 2.43 2.44 2.42 2.43 2.62 2.65 2.83 2.84
3.14 2.6 3.28 3.06 3.06 3.27 3.71 3.02 3.27 2.79 4.0 4.02 2.62 2.81 2.84 2.79 2.79 2.78 3.51 3.28 4.24 3.5 2.8 2.78 2.8 3.26 3.29 2.82 3.05 2.55 3.27 2.81 3.07 2.81 3.29 3.47 4.29 3.48 3.2 3.48 3.2 3.74 3.2 4.03 3.48 3.04 4.01 3.52 3.23 3.06 3.45 2.8 3.73 3.98 3.19 2.86 3.2 2.84 3.06 3.73 3.29 3.26 2.79 2.81 3.04 2.81 2.59 3.27 2.79 2.8 4.01 2.78 3.03 2.56 3.2 3.2 3.46 3.47 3.21 2.93 3.2 3.2 2.56 4.03 3.28 3.21 3.52 2.94 2.8 3.46 2.77 3.2 2.81 3.47 2.81 3.19 3.32 3.49 2.56 3.48
3.38 2.94 2.5 3.36 2.5 3.14 2.5 3.15 2.5 3.14 2.71 2.95 2.94 2.5 2.73 3.37 2.5 2.52 3.36 2.31 2.52 2.31 4.0 2.5 2.52 2.51 2.92 3.15 2.31 2.52 3.14 2.74 2.74 2.51 2.52 3.56 2.53 2.71 2.73 2.71 2.3 2.51 2.72 2.51 2.53 2.52 2.94 2.51 2.73 2.52 2.5 2.51 2.51 2.52 2.5 2.72 2.3 2.73 2.51 2.51 2.73 2.53 2.73 2.51 2.5 2.73 3.14 2.52 2.3 2.72 2.71 2.52 2.52 2.93 2.51 2.5 2.51 2.5 2.51 2.71 2.72 2.92 2.3 2.51 2.51 2.73 2.73 2.73 2.71 2.51 2.51 2.51 2.51 2.5 2.71 3.98 2.49 2.49 2.51 2.51
2.78 2.52 2.53 2.54 2.54 2.98 3.2 2.96 3.6 2.31 2.74 2.54 2.53 2.54 3.38 2.74 2.32 2.53 2.3 2.96 2.53 4.03 2.53 2.74 2.53 2.75 2.74 2.54 2.96 2.53 2.96 2.52 3.38 2.74 2.53 2.76 2.53 2.74 3.17 2.75 2.53 2.74 2.95 2.74 2.52 2.32 2.52 2.74 2.54 2.52 2.53 2.75 2.53 2.96 2.52 3.17 2.54 2.96 2.96 2.53 2.74 2.54 3.4 2.54 2.54 2.74 2.53 2.55 2.75 2.32 2.75 2.74 3.81 2.97 2.52 3.19 2.73 2.55 2.74 3.62 2.74 2.54 2.75 2.75 2.96 2.55 2.53 3.18 2.75 2.96 2.53 2.53 2.53 2.52 2.53 2.74 2.52 2.96 2.95 2.53
2.61 2.35 2.79 2.58 2.79 2.8 2.58 3.67 2.58 2.58 2.36 2.79 2.58 2.58 2.58 2.79 2.58 3.02 2.55 2.79 2.78 2.57 2.56 2.34 3.01 3.67 2.57 2.8 2.58 2.58 2.8 2.58 2.59 2.37 2.79 3.46 2.79 2.58 3.01 2.58 2.59 2.57 2.81 2.79 2.58 2.35 3.01 2.79 2.56 3.02 3.0 3.01 2.36 2.57 2.8 2.57 2.58 2.78 2.58 2.56 3.02 2.34 3.44 2.57 2.58 2.56 3.02 2.77 2.58 2.55 2.81 2.36 3.67 2.77 2.58 2.78 2.56 2.56 2.58 2.56 3.65 3.22 2.57 3.01 2.79 2.56 2.57 2.37 2.57 2.78 3.01 2.56 3.67 2.78 2.8 2.56 2.36 2.56 2.58 3.0
2.41 3.31 2.61 2.62 3.07 2.82 2.61 3.92 2.83 2.62 2.6 2.61 3.05 2.6 2.61 2.83 2.61 2.82 2.6 3.05 2.83 2.62 2.61 2.61 3.05 3.05 2.6 3.7 3.05 3.05 2.61 2.83 2.61 2.61 2.61 2.61 2.62 2.83 2.61 2.84 2.39 2.82 3.27 3.05 3.05 2.62 4.36 2.39 3.27 2.61 2.61 2.83 2.61 2.62 3.26 2.82 2.83 3.04 2.62 2.83 3.28 2.83 3.06 3.05 2.62 3.05 3.05 2.84 2.61 2.61 2.61 2.61 2.83 2.83 3.73 2.62 2.6 2.6 2.83 2.6 3.05 2.6 3.04 2.82 2.6 2.6 2.6 3.04 2.82 2.6 2.87 2.6 2.61 2.82 2.63 3.27 2.62 2.59 3.29 2.82
2.66 3.06 3.3 2.85 2.62 3.08 2.86 3.07 2.85 2.62 2.86 2.41 2.63 2.85 3.28 2.63 2.63 2.64 2.85 2.84 2.85 2.63 2.63 3.52 2.63 3.08 2.4 2.85 2.85 2.84 2.85 3.3 3.06 2.85 3.29 3.51 3.53 2.62 2.64 2.62 2.86 2.62 2.64 3.07 2.85 2.64 2.42 2.64 3.09 2.86 2.63 2.4 2.63 2.62 2.63 2.61 3.75 2.83 2.63 3.29 2.62 3.07 3.27 2.85 2.61 2.62 3.06 2.62 2.62 2.63 2.61 2.62 2.64 3.09 2.85 2.85 2.86 3.08 2.85 2.62 3.06 3.07 2.63 2.63 2.63 2.63 3.95 2.63 3.08 2.62 2.63 2.63 3.49 2.62 3.06 2.63 2.84 2.63 2.84 3.96
2.71 2.94 2.46 2.71 3.83 2.67 2.68 2.91 2.91 3.38 3.82 2.92 3.13 2.69 2.45 2.9 2.47 4.72 2.46 2.46 2.67 2.69 2.68 2.68 2.9 2.69 2.92 2.68 2.68 2.91 2.68 4.04 2.69 3.6 3.59 3.37 3.37 2.92 2.7 3.15 2.9 2.48 2.91 2.7 2.71 2.68 2.7 2.7 3.15 2.92 2.7 2.92 2.46 2.91 2.91 3.14 3.13 2.69 2.47 2.69 2.69 2.68 2.68 4.27 2.68 2.68 2.68 2.67 2.91 3.14 2.68 2.68 3.13 3.36 2.45 2.67 3.35 2.68 2.68 2.67 3.81 2.68 3.12 2.68 2.68 2.67 2.68 2.68 2.68 2.68 3.6 3.58 2.47 2.89 2.92 2.68 3.37 2.68 3.12 2.68
2.95 2.95 2.46 2.7 3.4 3.61 2.7 2.71 2.7 2.7 4.53 3.4 2.71 4.3 3.63 2.93 2.71 3.86 3.16 2.71 2.72 2.93 2.48 2.71 2.49 2.71 2.7 2.72 2.94 2.71 2.71 2.93 2.94 3.64 2.71 2.71 2.94 4.09 2.71 2.71 3.17 2.7 2.94 2.94 2.71 2.94 2.7 2.72 2.7 2.71 2.7 2.92 2.71 2.93 2.94 2.7 2.71 2.92 2.95 2.92 2.7 2.96 2.46 2.95 2.93 2.72 3.15 2.95 2.71 2.72 2.69 3.63 2.94 2.74 2.72 4.8 2.72 2.72 2.49 2.48 2.94 2.7 3.85 3.38 2.94 2.7 2.95 3.17 2.95 3.18 3.62 3.41 2.93 3.41 2.7 2.72 2.7 2.93 2.7 2.47
2.79 2.79 2.76 2.74 2.77 3.23 3.22 2.76 2.76 2.75 2.98 2.75 3.22 3.22 2.98 2.99 2.76 3.45 2.76 3.23 2.98 3.0 2.75 2.76 3.46 2.76 3.22 2.53 2.75 2.76 3.21 2.99 2.99 4.14 2.99 2.52 3.0 2.76 2.76 2.75 3.46 2.75 2.77 3.22 2.76 3.22 2.99 3.22 2.76 3.46 2.99 2.52 2.53 2.75 3.23 2.76 2.75 2.97 2.75 2.76 2.74 2.75 3.68 2.75 2.75 2.52 2.75 3.21 2.74 2.99 2.98 2.98 2.75 2.76 2.98 3.21 2.75 2.75 2.74 2.76 2.99 2.52 2.98 2.76 2.99 2.75 2.75 2.76 2.75 2.75 2.75 3.22 3.44 2.75 2.51 2.99 2.98 2.75 2.98 2.74
2.82 3.01 3.25 3.02 3.48 3.26 3.25 2.77 3.26 3.02 3.0 3.26 3.02 2.56 3.01 2.55 3.26 3.27 2.78 3.02 2.56 2.78 3.01 3.25 2.79 2.78 2.78 2.78 3.02 2.55 2.78 2.79 2.55 3.0 2.79 2.78 2.78 3.48 2.8 2.78 2.8 2.55 2.55 2.55 3.27 4.18 2.8 3.02 2.8 3.72 3.51 3.01 2.81 3.02 3.25 3.02 3.96 3.49 2.79 3.25 2.79 2.77 3.73 2.78 2.79 2.55 2.8 2.76 3.5 3.26 3.24 2.54 3.01 3.26 2.78 2.77 2.78 2.79 2.78 3.26 2.77 2.79 3.02 3.01 2.78 2.78 2.79 2.55 2.81 2.77 3.27 2.77 3.03 3.01 2.81 3.01 2.8 3.02 2.79 3.73
2.92 2.89 3.39 3.14 2.89 3.14 3.63 2.9 2.9 4.12 3.15 2.9 3.14 4.85 2.91 3.38 3.38 3.62 2.91 4.12 3.39 3.63 2.89 3.15 3.15 2.89 3.15 3.38 3.38 3.14 3.14 2.9 3.15 3.14 3.14 2.9 2.65 3.39 2.9 2.9 2.9 3.13 2.9 3.18 3.19 2.93 2.93 3.17 2.7 4.69 2.96 2.9 3.2 3.92 2.94 2.92 3.66 3.65 4.19 2.9 3.63 2.88 3.15 2.92 3.15 2.65 2.64 2.91 2.9 2.89 3.88 2.93 3.39 3.18 3.65 2.69 2.93 3.14 2.9 3.23 2.93 2.96 2.64 3.22 2.9 3.45 2.9 2.69 2.91 2.94 2.97 2.96 2.97 2.94 3.7 2.72 3.46 2.95 2.93 2.96
3.12 3.79 2.84 3.33 4.02 3.32 2.83 2.84 2.84 2.85 2.82 3.31 3.07 2.84 2.84 2.6 2.84 3.32 2.83 3.08 3.07 4.53 3.31 2.83 3.31 2.85 2.84 2.6 3.08 2.84 2.83 2.84 2.83 2.85 2.84 2.83 2.84 3.07 2.86 2.59 2.85 3.06 2.61 2.83 2.6 2.85 2.85 2.84 2.85 2.84 3.8 2.85 2.61 3.08 2.84 2.84 2.84 2.84 3.09 2.85 2.83 2.84 3.33 2.85 3.08 2.84 2.61 2.85 3.56 3.35 3.32 2.85 3.08 3.08 3.08 2.84 2.84 2.84 2.83 2.84 3.07 3.34 3.07 2.86 2.86 3.8 3.35 3.34 3.12 3.09 2.61 2.86 3.1 2.86 2.84 3.34 3.07 2.87 4.03 2.62
3.19 3.39 2.9 2.91 2.91 2.91 2.91 2.92 3.4 2.92 3.16 3.16 3.14 3.89 3.15 3.14 3.15 3.16 3.15 2.92 2.92 2.92 2.91 3.65 2.91 3.66 2.67 3.16 2.91 2.91 2.66 3.15 3.16 3.64 2.9 2.91 3.4 3.16 3.17 3.41 3.16 3.9 2.92 2.91 2.91 2.91 2.91 2.92 3.65 2.91 2.92 3.16 2.91 3.15 3.4 3.4 2.9 3.41 3.93 3.16 2.91 3.69 2.92 2.94 3.17 2.97 3.21 2.92 3.89 3.15 2.91 2.9 2.9 3.16 2.91 3.2 2.96 3.0 2.95 3.48 3.46 3.0 2.7 2.7 2.93 3.45 2.69 2.94 3.42 3.16 3.42 2.92 2.66 2.93 2.9 2.9 2.67 3.16 3.67 3.16
2.95 2.95 2.91 2.92 2.67 2.67 2.92 2.91 2.92 3.64 3.41 3.15 4.15 2.92 3.17 3.16 3.16 2.91 3.66 3.65 2.92 2.91 2.92 3.41 2.92 3.17 2.91 2.91 2.92 3.65 3.17 3.16 2.93 2.66 2.92 3.17 2.91 3.15 3.41 2.9 3.16 3.64 3.91 2.94 3.18 2.95 3.91 3.19 2.92 3.19 2.93 3.43 2.92 3.89 3.42 2.91 2.68 2.9 3.17 3.16 3.17 3.17 2.92 3.93 3.93 3.44 3.21 2.69 2.94 3.18 3.21 3.19 3.19 3.42 2.96 2.92 3.19 3.18 3.19 2.92 3.45 3.41 2.95 3.21 3.66 3.95 2.93 2.95 3.17 2.94 2.93 4.19 3.22 2.68 2.96 2.67 3.95 2.93 3.46 3.43
3.01 2.98 2.97 3.72 2.97 2.97 2.97 3.48 2.98 2.98 2.98 3.21 2.97 4.72 3.21 3.23 4.23 3.47 3.74 3.73 3.22 2.97 3.47 3.22 2.97 3.48 2.98 2.72 2.97 3.98 2.98 3.47 2.99 2.97 2.97 2.99 3.22 2.97 2.96 2.99 2.98 2.96 3.97 2.98 2.98 2.98 3.21 3.24 3.23 3.48 3.51 3.73 2.98 2.97 3.24 3.48 3.01 2.97 2.99 3.03 2.96 3.51 2.98 3.25 3.01 2.98 2.98 3.23 3.23 2.98 2.97 3.74 2.98 3.02 3.24 3.49 2.98 3.24 2.96 2.76 2.97 3.06 2.98 3.78 2.96 3.5 2.97 2.99 2.98 2.98 2.96 2.72 3.22 3.47 3.99 2.73 4.0 2.71 3.23 2.74
3.02 3.48 3.26 3.26 2.98 3.01 3.0 2.99 3.0 3.26 2.75 2.99 3.0 3.25 3.0 3.0 3.25 2.99 3.0 3.01 3.0 3.5 3.0 3.51 3.01 3.52 3.01 3.52 3.01 3.02 3.02 3.01 4.01 3.0 3.0 2.98 3.0 2.99 3.0 3.0 3.25 2.99 3.5 3.0 3.25 3.26 2.74 3.52 3.25 3.0 3.0 3.0 2.99 2.75 4.0 3.0 2.98 4.77 3.48 3.25 3.24 2.73 2.99 3.5 2.99 4.0 3.25 3.24 3.0 4.75 3.49 3.0 3.02 3.0 3.27 3.51 3.26 3.27 3.01 3.01 3.01 3.49 3.26 2.99 3.01 3.24 3.01 3.24 3.27 3.25 2.77 3.01 3.02 3.01 3.04 4.03 3.01 3.0 3.28 3.29
3.09 3.07 3.29 3.04 3.05 3.05 3.31 2.78 3.06 3.05 3.06 3.05 3.05 2.78 3.31 2.79 3.58 3.06 3.05 3.3 3.05 3.32 3.3 3.57 3.31 3.05 3.05 3.07 3.05 3.06 3.07 3.06 3.07 3.06 3.32 3.05 3.06 3.05 3.31 3.57 3.31 3.05 3.84 3.56 3.06 3.3 3.6 3.09 5.72 3.08 3.34 3.59 3.07 3.06 3.09 3.33 3.36 4.6 3.06 3.33 3.33 3.34 4.14 3.08 3.06 3.08 3.6 2.81 3.59 3.32 3.32 3.06 3.09 3.34 3.12 3.32 3.59 3.07 3.58 2.81 2.82 2.81 3.36 3.33 3.06 2.8 3.85 3.34 3.06 3.33 3.06 3.59 2.81 3.09 3.32 3.6 3.09 3.06 3.87 4.11
3.89 3.08 3.08 3.86 3.06 3.35 3.06 3.34 3.07 3.08 3.07 3.87 3.08 3.08 4.1 2.83 3.08 3.07 3.33 3.36 3.07 3.06 3.06 3.06 3.58 3.06 3.32 3.06 2.81 3.57 3.6 3.33 3.09 3.83 3.35 3.07 3.35 3.05 3.1 3.05 3.33 3.32 3.05 3.07 3.07 3.83 3.59 3.57 3.07 3.86 2.8 3.86 3.84 3.07 3.32 3.08 3.07 3.6 3.58 3.09 3.32 3.35 3.84 2.83 3.08 3.07 3.6 2.83 3.08 3.07 3.08 3.6 3.07 2.82 3.09 3.34 3.09 3.08 3.6 3.08 2.79 3.09 3.06 3.6 3.32 3.34 3.05 3.08 3.07 3.33 2.79 3.06 2.81 3.31 3.07 3.06 3.07 3.08 3.89 3.85
3.92 3.08 3.12 3.37 3.1 3.1 3.1 3.36 3.09 3.11 3.36 3.1 3.36 4.42 3.36 3.09 3.11 3.36 3.11 3.09 3.36 3.09 3.1 2.82 3.37 3.08 3.1 3.09 3.1 2.83 3.1 3.35 3.09 3.08 3.1 3.09 3.09 3.35 4.41 3.87 3.62 3.35 3.1 3.09 3.09 3.08 3.09 3.09 3.36 3.1 3.11 3.12 3.11 3.38 3.39 3.61 3.1 3.09 3.1 3.88 3.1 3.9 3.63 3.09 3.1 3.88 3.11 3.36 3.08 3.87 2.87 4.5 3.1 4.21 4.41 3.16 3.11 2.9 3.37 3.14 3.12 2.9 3.37 2.9 3.12 3.15 3.63 3.7 3.37 3.41 3.1 3.14 3.66 3.13 3.41 3.14 3.4 3.92 3.66 3.96
3.71 3.16 3.17 4.23 3.97 3.42 3.43 3.7 3.44 3.44 3.46 3.19 3.47 3.73 3.43 3.2 3.17 2.92 3.16 3.19 4.5 4.0 2.88 5.9 3.17 3.18 2.89 3.72 2.9 4.0 3.43 3.18 2.9 3.18 3.44 3.18 3.46 3.21 3.18 3.19 3.19 3.18 3.18 3.19 3.45 3.2 3.44 3.17 3.19 2.93 4.0 3.48 3.21 3.74 3.74 3.73 2.95 2.94 3.21 3.76 3.21 3.5 3.49 3.23 2.93 3.22 3.49 3.2 2.91 3.47 3.18 3.74 3.19 3.46 3.17 3.46 3.44 3.47 3.19 3.46 3.21 4.0 3.21 3.19 3.48 3.74 2.91 3.73 2.9 3.69 3.73 3.41 3.45 3.15 2.91 3.16 3.45 3.96 2.91 3.68
3.5 3.5 3.73 3.21 3.2 3.21 3.72 4.29 3.2 3.48 3.2 3.21 2.92 3.2 3.46 3.2 3.72 3.21 4.27 3.22 3.46 2.93 4.35 3.78 3.25 3.51 3.82 3.26 4.62 3.51 3.26 3.49 4.62 3.21 3.26 2.94 3.55 3.2 3.54 3.22 3.79 3.19 3.49 3.21 3.47 4.03 4.02 3.21 2.93 3.21 3.22 3.49 3.72 3.21 3.19 3.5 3.19 3.21 3.74 3.21 3.72 3.76 3.72 3.24 3.21 3.23 3.2 3.23 3.21 2.95 3.5 3.22 3.48 2.93 3.78 3.19 3.23 3.19 3.51 3.46 3.52 3.45 2.96 3.17 3.23 3.22 3.21 3.23 3.23 4.05 3.48 3.21 3.2 2.95 3.2 2.95 3.22 3.5 5.37 3.73
4.09 3.21 3.22 3.76 3.22 3.21 3.22 3.23 4.04 3.76 3.23 3.23 2.97 2.95 3.78 2.94 3.51 3.21 3.22 3.22 3.5 3.76 4.03 3.23 4.31 2.97 3.51 3.49 3.77 3.5 3.22 4.06 3.76 3.23 3.79 3.22 3.52 3.22 3.24 3.22 4.31 3.49 3.21 3.51 2.96 3.22 4.02 3.51 3.73 2.95 3.23 4.33 3.49 3.27 3.49 3.28 3.48 3.5 3.49 3.5 2.95 3.51 2.94 3.24 3.76 2.96 3.24 3.23 3.22 3.24 3.22 3.22 3.23 4.32 3.52 3.2 3.23 3.22 3.5 3.22 3.22 3.22 3.5 3.22 3.23 2.95 3.5 3.49 3.5 3.75 3.49 4.02 3.77 3.75 3.51 3.75 3.5 3.48 3.23 3.22
3.89 3.28 3.31 3.31 3.87 3.3 3.61 3.32 3.32 3.3 3.32 4.45 3.33 3.33 3.62 3.32 3.61 3.33 3.61 4.67 3.34 3.29 3.88 3.29 3.34 3.28 3.62 3.56 3.33 3.84 5.86 3.85 3.04 3.56 3.61 4.12 4.18 3.29 3.28 3.28 3.56 4.68 3.83 3.0 4.11 3.56 3.0 3.29 3.54 3.28 3.29 4.4 3.84 3.59 4.4 3.58 3.28 3.3 3.55 3.29 3.29 5.82 3.82 3.25 3.25 3.53 3.52 3.54 3.52 3.55 3.26 3.31 3.51 3.05 3.26 3.59 3.53 3.32 3.54 3.88 3.82 3.57 3.57 2.98 3.56 3.53 3.28 4.34 3.55 3.52 3.29 3.24 3.27 3.25 3.26 3.8 3.27 3.81 3.26 3.53
3.92 3.29 3.58 4.16 3.57 3.04 3.85 3.86 3.56 4.71 3.01 3.02 4.13 4.16 3.3 4.44 3.57 3.32 3.29 3.88 3.85 3.28 4.69 3.86 3.0 3.03 3.3 4.42 3.84 3.3 3.02 3.3 3.29 3.87 3.28 3.32 3.29 3.04 3.01 3.56 4.16 3.28 3.31 3.85 3.59 3.3 4.14 3.3 3.29 3.29 3.58 3.58 3.56 3.29 3.32 3.85 3.02 4.42 3.87 3.29 3.28 4.41 3.6 3.3 3.6 3.29 4.43 3.85 3.32 3.02 3.3 3.04 3.31 3.87 3.87 3.31 3.32 3.86 3.33 5.03 3.89 3.32 3.04 3.86 3.31 3.59 3.57 4.12 3.3 3.3 3.58 3.28 3.57 3.3 3.33 3.31 3.31 3.59 3.63 4.47
3.39 3.96 3.36 3.38 3.68 3.65 5.1 3.96 3.39 3.09 3.68 3.39 4.24 3.09 3.38 3.38 4.23 3.36 3.38 3.68 3.74 3.45 3.69 3.73 3.44 3.47 3.39 3.69 3.41 3.65 3.7 4.0 3.7 4.27 3.42 3.99 3.09 3.4 3.44 4.54 3.66 4.23 3.66 3.37 3.66 3.37 3.95 3.37 3.66 3.37 3.65 3.38 3.69 4.22 3.68 3.66 3.67 3.64 3.66 3.92 4.22 3.37 3.69 3.45 3.93 4.45 3.35 3.66 4.22 3.07 3.07 3.08 3.64 3.35 4.49 3.37 3.07 3.08 3.93 4.22 3.93 3.38 3.95 3.35 3.36 3.62 3.96 3.39 3.43 3.61 3.93 4.48 3.65 3.36 3.66 3.36 3.37 3.08 3.38 3.38
3.12 3.69 3.95 3.38 3.98 3.38 3.1 3.38 3.4 3.38 4.84 3.38 3.67 3.41 3.39 3.38 3.67 3.39 3.39 3.1 3.39 3.39 3.38 3.67 4.26 3.39 4.54 3.39 3.68 3.67 3.41 3.68 4.24 3.97 3.39 3.38 3.39 3.68 3.67 3.66 3.66 3.67 3.67 3.38 4.56 3.68 3.41 3.41 3.13 3.41 4.26 3.41 3.98 3.4 3.13 3.41 3.7 3.41 4.27 3.44 3.12 3.71 3.4 3.42 4.59 3.4 3.41 3.38 3.4 3.66 4.25 3.36 3.96 3.39 3.4 3.37 3.41 3.37 3.67 3.08 4.24 3.37 3.95 3.95 3.36 3.94 3.37 3.96 3.36 3.38 3.36 3.67 3.38 3.65 3.92 3.95 3.36 3.97 3.09 3.68
