1609461  51120488   1609461  52070037  10229628  15668892   4793499  77091098  37669229  31323652  26073251  13306781  20971698   7352711  44166375
53295323   1609461   1779965  55391761  10285916  15755589   4809001  56415209  37797840  32773811  27025137  13353668  21187305   7653424  48224409
1815737  1869203  1609461  1993565  2119888  2445612  2456543  2885238  2912768  2913998  2976169  3029925  3157648  3174421  3270265
57369830   59087384   3374718   1609461   10588283   15951840   4840774   62185973   224312768   119389959   27545666   13443176   21404058   81994162   49190817
10693248  10779780   3386192  10970129   1609461  11360439   4868192  11397370  11560212  11578304  12211546  12251392  12372063   7768292  12455600
16509333  17429412   3467696  17626541  12568459   1609461   4950901  17779867  18755846  18953421  19196644  13454684  19290213   7785629  19563293
5035722  5128627  3510087  5189668  5321010  5330621  1609461  5422472  5654486  5873139  5924133  6050201  6182906  6317417  6362572
78765348  62305472   3531241  66541957  12578868  19566712   6514798   1609461  39547048  32827868  27846809  13466263  21639821   7792665  49355525
39568481   40676119   3841232   226201635   12715406   19639496   6778374   41222878   1609461   133334544   27913704   13541458   22029284   89263451   41633911
33190703   33431972   3857091   145952701   12729481   20174293   6814007   35397959   167076619   1609461   28047083   13675158   22526846   92928140   36145233
29052748  29206457   4135681  29871164  12816464  20321751   6831985  30221363  30260252  30944615   1609461  13684016  22613606   7942229  31141125
14091737  14098944   4299551  14103105  12873747  14212522   6904159  14329166  14396237  14528651  14702295   1609461  14736361   8024469  15368257
22864929  22938081   4428497  23189815  12904188  20926656   6917119  23573257  23661600  23823213  23841870  15398761   1609461   8053381  24062387
8331870   8430835   4681837   94371973   8619534   8900305   7002928   9135528   96452060   115499430   9512600   9639514   9832087   1609461   9841886
49914429  50291840   4768712  50674654  13237079  20958777   7273664  50843801  43794720  37127381  31144741  15587037  25658928  10040428   1609461
