0.19 0.19 0.17 0.21 0.19 0.21 0.18 0.19 0.19 0.21 0.19 0.19 0.19 0.21 0.19 0.19 0.17 0.2 0.22 0.19 0.19 0.21 0.19 0.19 0.19 0.21 0.21 0.18 0.2 0.18 0.19 0.19 0.18 0.18 0.19 0.19 0.21 0.19 0.2 0.19 0.19 0.19 0.22 0.2 0.21 0.18 0.19 0.21 0.2 0.19 0.18 0.21 0.17 0.19 0.2 0.2 0.2 0.2 0.21 0.19 0.18 0.2 0.21 0.2 0.2 0.18 0.19 0.18 0.19 0.18 0.19 0.2 0.18 0.19 0.21 0.19 0.19 0.19 0.2 0.18 0.22 0.18 0.18 0.21 0.21 0.21 0.19 0.21 0.23 0.19 0.19 0.19 0.2 0.2 0.21 0.17 0.19 0.2 0.2 0.2
0.24 0.21 0.22 0.23 0.23 0.21 0.21 0.23 0.25 0.21 0.23 0.26 0.22 0.22 0.25 0.23 0.24 0.25 0.22 0.22 0.25 0.21 0.25 0.23 0.23 0.23 0.26 0.22 0.25 0.23 0.22 0.21 0.23 0.24 0.22 0.2 0.22 0.24 0.25 0.23 0.22 0.24 0.22 0.22 0.25 0.23 0.2 0.23 0.22 0.21 0.21 0.24 0.22 0.21 0.22 0.24 0.21 0.23 0.22 0.23 0.22 0.22 0.22 0.22 0.21 0.2 0.23 0.24 0.23 0.21 0.25 0.23 0.23 0.21 0.23 0.2 0.24 0.21 0.21 0.21 0.23 0.23 0.25 0.24 0.2 0.24 0.22 0.25 0.25 0.23 0.21 0.22 0.2 0.22 0.21 0.25 0.22 0.23 0.23 0.23
0.29 0.25 0.27 0.27 0.31 0.29 0.26 0.26 0.27 0.25 0.26 0.25 0.27 0.26 0.27 0.27 0.33 0.27 0.24 0.27 0.3 0.27 0.25 0.25 0.26 0.28 0.26 0.27 0.28 0.27 0.3 0.27 0.28 0.29 0.26 0.27 0.27 0.28 0.26 0.27 0.25 0.25 0.28 0.29 0.27 0.29 0.3 0.28 0.29 0.28 0.26 0.29 0.31 0.3 0.25 0.28 0.25 0.27 0.27 0.27 0.29 0.27 0.27 0.3 0.27 0.26 0.27 0.26 0.27 0.29 0.27 0.27 0.26 0.27 0.27 0.24 0.29 0.27 0.28 0.27 0.28 0.33 0.28 0.29 0.27 0.28 0.26 0.25 0.29 0.3 0.27 0.27 0.27 0.3 0.3 0.25 0.28 0.3 0.28 0.27
0.3 0.33 0.31 0.33 0.31 0.31 0.3 0.34 0.29 0.33 0.33 0.31 0.3 0.33 0.32 0.31 0.37 0.32 0.32 0.32 0.32 0.32 0.3 0.31 0.33 0.31 0.34 0.31 0.31 0.33 0.29 0.34 0.32 0.32 0.31 0.32 0.32 0.31 0.31 0.34 0.34 0.33 0.32 0.33 0.27 0.35 0.35 0.3 0.34 0.33 0.33 0.31 0.33 0.32 0.32 0.35 0.3 0.32 0.32 0.32 0.34 0.3 0.34 0.3 0.31 0.33 0.31 0.32 0.3 0.32 0.31 0.32 0.29 0.37 0.36 0.31 0.33 0.32 0.31 0.35 0.34 0.32 0.32 0.29 0.31 0.32 0.34 0.31 0.34 0.31 0.32 0.32 0.31 0.32 0.32 0.28 0.3 0.29 0.32 0.32
0.36 0.35 0.33 0.36 0.33 0.34 0.36 0.34 0.36 0.33 0.33 0.35 0.37 0.4 0.38 0.35 0.34 0.34 0.41 0.33 0.42 0.36 0.35 0.37 0.39 0.37 0.34 0.35 0.34 0.37 0.37 0.36 0.35 0.34 0.37 0.36 0.35 0.36 0.35 0.31 0.35 0.36 0.37 0.34 0.36 0.33 0.34 0.36 0.42 0.4 0.38 0.38 0.42 0.37 0.35 0.36 0.38 0.36 0.35 0.36 0.36 0.36 0.32 0.35 0.3 0.34 0.37 0.33 0.32 0.35 0.34 0.4 0.34 0.37 0.38 0.38 0.39 0.39 0.38 0.34 0.37 0.37 0.37 0.35 0.35 0.38 0.36 0.4 0.33 0.35 0.39 0.36 0.37 0.36 0.36 0.34 0.39 0.36 0.36 0.37
0.37 0.42 0.37 0.34 0.39 0.39 0.42 0.39 0.37 0.38 0.39 0.38 0.38 0.38 0.39 0.38 0.37 0.4 0.39 0.43 0.39 0.38 0.44 0.45 0.46 0.36 0.39 0.39 0.38 0.42 0.39 0.39 0.41 0.37 0.39 0.39 0.39 0.39 0.41 0.39 0.39 0.39 0.39 0.38 0.41 0.41 0.41 0.38 0.41 0.38 0.41 0.37 0.42 0.39 0.39 0.41 0.41 0.41 0.4 0.42 0.39 0.36 0.39 0.42 0.41 0.39 0.4 0.41 0.37 0.39 0.39 0.38 0.37 0.39 0.4 0.39 0.39 0.42 0.37 0.41 0.42 0.4 0.37 0.39 0.39 0.43 0.42 0.41 0.43 0.37 0.38 0.37 0.45 0.41 0.38 0.41 0.37 0.42 0.38 0.42
0.44 0.46 0.41 0.42 0.44 0.45 0.41 0.45 0.45 0.42 0.41 0.45 0.41 0.41 0.48 0.44 0.41 0.43 0.37 0.44 0.39 0.48 0.41 0.42 0.44 0.39 0.42 0.39 0.44 0.48 0.42 0.42 0.47 0.44 0.41 0.44 0.44 0.42 0.42 0.43 0.46 0.48 0.45 0.48 0.42 0.41 0.48 0.43 0.43 0.42 0.43 0.46 0.42 0.44 0.44 0.43 0.44 0.45 0.42 0.44 0.44 0.45 0.47 0.48 0.52 0.45 0.44 0.44 0.42 0.39 0.47 0.45 0.45 0.39 0.43 0.45 0.45 0.45 0.48 0.46 0.44 0.44 0.42 0.41 0.44 0.39 0.51 0.42 0.41 0.42 0.42 0.42 0.48 0.45 0.46 0.41 0.42 0.4 0.39 0.44
0.48 0.52 0.5 0.45 0.47 0.47 0.45 0.47 0.44 0.5 0.44 0.5 0.49 0.44 0.48 0.47 0.48 0.47 0.51 0.48 0.5 0.47 0.51 0.48 0.52 0.5 0.44 0.48 0.47 0.48 0.5 0.48 0.49 0.5 0.45 0.44 0.41 0.48 0.48 0.45 0.47 0.51 0.5 0.51 0.51 0.42 0.5 0.53 0.47 0.46 0.47 0.52 0.44 0.48 0.51 0.47 0.5 0.48 0.48 0.47 0.5 0.47 0.48 0.51 0.48 0.49 0.48 0.44 0.45 0.48 0.45 0.46 0.47 0.51 0.48 0.47 0.5 0.44 0.54 0.48 0.48 0.47 0.49 0.47 0.47 0.53 0.48 0.48 0.42 0.46 0.5 0.46 0.47 0.5 0.53 0.49 0.5 0.5 0.48 0.5
0.6 0.58 0.52 0.55 0.52 0.54 0.51 0.52 0.59 0.55 0.54 0.52 0.53 0.54 0.53 0.52 0.52 0.55 0.55 0.52 0.55 0.53 0.56 0.51 0.55 0.52 0.56 0.61 0.58 0.59 0.55 0.53 0.48 0.55 0.52 0.64 0.58 0.56 0.56 0.55 0.55 0.52 0.59 0.55 0.56 0.51 0.55 0.57 0.52 0.53 0.55 0.53 0.55 0.49 0.55 0.52 0.57 0.52 0.54 0.56 0.49 0.53 0.52 0.52 0.54 0.55 0.5 0.49 0.53 0.52 0.53 0.58 0.52 0.55 0.53 0.49 0.52 0.55 0.49 0.58 0.53 0.48 0.61 0.53 0.58 0.58 0.56 0.56 0.59 0.54 0.52 0.53 0.51 0.55 0.55 0.53 0.55 0.52 0.55 0.54
0.63 0.58 0.57 0.56 0.52 0.59 0.59 0.55 0.53 0.56 0.52 0.53 0.6 0.57 0.55 0.52 0.53 0.55 0.52 0.6 0.56 0.59 0.55 0.59 0.53 0.56 0.55 0.53 0.64 0.55 0.55 0.59 0.48 0.56 0.58 0.59 0.58 0.6 0.56 0.56 0.51 0.6 0.6 0.62 0.56 0.52 0.55 0.6 0.49 0.59 0.57 0.56 0.57 0.55 0.59 0.54 0.56 0.56 0.54 0.56 0.56 0.55 0.62 0.56 0.58 0.63 0.53 0.58 0.58 0.56 0.59 0.56 0.57 0.59 0.57 0.6 0.59 0.56 0.55 0.61 0.55 0.6 0.6 0.6 0.59 0.6 0.6 0.52 0.57 0.59 0.53 0.54 0.52 0.5 0.59 0.61 0.56 0.6 0.52 0.57
0.66 0.6 0.55 0.63 0.6 0.65 0.59 0.65 0.62 0.58 0.6 0.58 0.63 0.63 0.59 0.62 0.62 0.61 0.63 0.55 0.6 0.53 0.62 0.59 0.59 0.63 0.63 0.6 0.55 0.6 0.56 0.63 0.63 0.69 0.61 0.62 0.62 0.62 0.59 0.62 0.59 0.55 0.62 0.62 0.6 0.58 0.6 0.61 0.62 0.59 0.56 0.59 0.63 0.57 0.63 0.6 0.57 0.62 0.67 0.63 0.63 0.62 0.57 0.63 0.59 0.56 0.66 0.63 0.63 0.68 0.68 0.67 0.67 0.61 0.63 0.58 0.66 0.63 0.62 0.63 0.6 0.59 0.62 0.63 0.59 0.65 0.6 0.66 0.55 0.62 0.67 0.58 0.6 0.62 0.62 0.61 0.59 0.59 0.62 0.59
0.66 0.62 0.66 0.68 0.58 0.69 0.65 0.64 0.61 0.61 0.66 0.65 0.69 0.66 0.65 0.65 0.68 0.66 0.65 0.63 0.65 0.65 0.61 0.65 0.65 0.67 0.69 0.69 0.62 0.58 0.63 0.65 0.62 0.59 0.64 0.59 0.66 0.62 0.58 0.65 0.66 0.65 0.64 0.62 0.63 0.63 0.66 0.64 0.69 0.62 0.65 0.59 0.69 0.61 0.64 0.62 0.66 0.65 0.66 0.67 0.65 0.71 0.69 0.68 0.66 0.65 0.67 0.65 0.62 0.62 0.65 0.66 0.62 0.76 0.65 0.69 0.65 0.67 0.6 0.63 0.63 0.61 0.66 0.68 0.62 0.7 0.64 0.69 0.66 0.65 0.65 0.69 0.65 0.65 0.65 0.58 0.66 0.62 0.65 0.61
0.71 0.73 0.73 0.7 0.65 0.72 0.73 0.69 0.68 0.68 0.69 0.68 0.72 0.66 0.69 0.72 0.73 0.69 0.65 0.7 0.66 0.7 0.7 0.66 0.7 0.73 0.77 0.7 0.68 0.7 0.69 0.68 0.69 0.65 0.66 0.73 0.7 0.69 0.69 0.66 0.7 0.72 0.69 0.73 0.69 0.68 0.73 0.64 0.73 0.69 0.65 0.66 0.76 0.66 0.69 0.66 0.68 0.68 0.66 0.73 0.66 0.73 0.66 0.73 0.7 0.66 0.66 0.69 0.71 0.72 0.64 0.72 0.72 0.69 0.66 0.73 0.69 0.68 0.69 0.74 0.64 0.75 0.72 0.8 0.74 0.66 0.7 0.73 0.76 0.77 0.66 0.74 0.73 0.65 0.69 0.66 0.69 0.7 0.66 0.76
0.72 0.77 0.72 0.69 0.79 0.79 0.72 0.67 0.72 0.75 0.72 0.77 0.76 0.76 0.74 0.72 0.69 0.68 0.71 0.72 0.73 0.68 0.76 0.76 0.76 0.76 0.68 0.79 0.64 0.72 0.72 0.71 0.69 0.71 0.79 0.69 0.74 0.77 0.72 0.68 0.71 0.72 0.77 0.75 0.69 0.72 0.68 0.68 0.68 0.71 0.76 0.72 0.76 0.71 0.76 0.68 0.8 0.72 0.72 0.7 0.72 0.73 0.76 0.68 0.76 0.68 0.69 0.79 0.72 0.81 0.71 0.64 0.8 0.76 0.72 0.73 0.73 0.75 0.73 0.76 0.75 0.72 0.73 0.73 0.74 0.83 0.74 0.76 0.8 0.78 0.91 0.74 0.8 0.76 0.78 0.77 0.71 0.74 0.76 0.73
0.88 0.91 0.88 0.83 0.85 0.86 0.91 0.81 0.83 0.81 0.9 0.77 0.9 0.86 0.87 0.8 0.82 0.86 0.86 0.85 0.87 0.82 0.82 0.87 0.82 0.82 0.81 0.82 0.81 0.91 0.96 0.86 0.83 0.8 0.77 0.85 0.72 0.86 0.86 0.91 0.81 0.82 0.85 0.95 0.87 0.91 0.87 0.86 0.81 0.85 0.91 0.86 0.81 0.91 0.83 0.85 0.86 0.82 0.86 0.82 0.81 0.76 0.92 0.9 0.94 0.81 0.86 0.81 0.95 0.9 0.81 0.87 0.86 0.86 0.9 0.81 0.86 0.88 0.81 0.81 0.96 0.91 0.82 0.9 0.77 0.82 0.86 0.82 0.86 0.86 0.96 0.9 0.81 0.91 0.91 0.87 0.81 0.87 0.81 0.87
0.87 0.83 0.82 0.78 0.82 0.81 0.83 0.82 0.74 0.82 0.79 0.78 0.77 0.82 0.83 0.82 0.79 0.86 0.83 0.86 0.83 0.77 0.86 0.82 0.91 0.79 0.83 0.87 0.83 0.77 0.79 0.87 0.83 0.92 0.78 0.82 0.73 0.82 0.83 0.85 0.79 0.95 0.82 0.96 0.82 0.83 0.86 0.83 0.78 0.87 0.83 0.81 0.78 0.81 0.89 0.79 0.82 0.82 0.83 0.85 0.78 0.82 0.86 0.81 0.83 0.78 0.86 0.82 0.86 0.78 0.82 0.83 0.86 0.91 0.78 0.82 0.82 0.78 0.83 0.88 0.86 0.89 0.9 0.87 0.79 0.78 0.87 0.87 0.82 0.78 0.78 0.87 0.82 0.82 0.82 0.79 0.82 0.83 0.86 0.82
0.87 0.87 0.87 0.82 0.82 0.81 0.94 0.86 0.87 0.85 0.9 0.9 0.85 0.9 0.81 0.81 0.86 0.77 0.91 0.85 0.86 0.82 0.9 0.81 0.95 0.82 0.85 0.99 0.94 0.81 0.86 0.85 0.82 0.81 0.87 0.82 0.9 0.87 0.9 0.9 0.85 0.86 0.82 0.94 0.86 0.85 0.85 0.82 0.82 0.9 0.81 0.95 0.86 0.77 0.86 0.82 0.86 0.85 0.85 0.91 0.91 0.85 0.81 0.86 0.81 0.91 0.91 0.9 0.9 0.91 0.86 0.86 0.82 0.91 0.94 0.95 0.91 0.91 0.86 0.95 0.91 0.86 0.86 1.07 0.96 0.9 1.08 0.82 0.87 0.9 0.91 0.86 0.86 0.82 0.81 0.82 0.85 0.81 0.81 0.91
0.99 0.94 0.9 0.98 0.99 0.9 0.85 0.9 0.89 0.84 1.0 0.9 0.87 0.89 0.86 0.9 0.91 0.88 0.89 0.9 0.95 0.99 0.95 0.97 0.9 0.89 0.89 0.97 0.89 1.02 0.93 0.93 0.89 0.84 0.89 0.99 0.97 0.89 0.99 0.94 0.95 0.88 0.84 0.89 0.93 0.94 0.9 0.85 0.97 0.95 0.93 0.94 0.98 0.97 0.88 0.89 0.93 0.94 0.93 0.93 0.9 0.94 0.8 0.89 0.99 0.94 0.93 0.85 0.89 0.88 0.94 0.88 0.89 0.89 0.95 0.89 0.98 0.9 0.89 0.88 0.9 0.89 0.93 0.89 0.94 0.88 0.93 0.94 0.93 0.91 0.94 0.89 1.0 1.0 0.93 0.81 0.9 0.94 0.89 0.89
1.09 1.02 0.98 1.02 0.88 1.02 0.98 0.97 1.02 0.93 0.98 1.03 0.96 0.93 0.98 0.92 0.98 1.06 0.94 0.97 0.98 0.92 1.02 0.99 0.92 1.02 0.88 1.02 0.93 0.98 0.97 0.94 1.03 1.02 0.97 1.02 0.97 0.92 0.92 0.97 0.92 0.97 1.03 0.98 0.98 1.01 1.02 0.99 0.88 0.99 0.93 0.98 1.02 1.07 0.99 1.05 1.01 1.03 0.98 1.0 0.95 1.01 0.94 1.03 1.1 0.89 0.96 1.06 1.1 0.93 1.03 0.99 1.03 1.03 0.99 0.93 0.98 0.98 0.93 0.93 0.93 1.03 0.99 0.94 1.07 0.97 0.98 0.95 1.02 1.08 0.98 0.93 0.99 1.02 0.99 1.02 0.92 0.97 0.98 1.03
1.12 1.13 1.02 0.97 1.02 0.97 1.02 0.96 1.06 1.02 1.06 1.01 1.06 0.9 1.01 1.01 0.97 1.02 0.97 1.06 0.91 1.06 1.11 1.01 0.97 1.06 1.07 1.06 0.97 1.06 1.1 1.1 1.05 1.06 0.91 1.05 1.14 1.05 1.01 0.95 0.91 0.96 1.02 1.0 1.02 1.06 0.96 0.98 1.01 1.0 1.02 1.01 0.97 1.11 1.0 0.96 0.96 1.01 0.92 1.01 1.02 1.01 0.96 1.03 1.0 0.94 1.0 1.05 0.96 1.0 0.9 0.96 1.0 0.95 1.0 0.99 0.95 0.9 0.95 0.95 1.01 1.0 1.01 0.99 0.96 1.05 1.05 1.04 1.05 1.05 0.95 0.99 1.11 0.99 1.01 1.04 1.05 1.0 1.0 1.01
1.12 1.0 1.04 1.1 1.04 1.09 1.04 1.04 1.04 1.08 0.99 1.09 1.09 1.09 1.04 1.05 1.09 1.04 1.09 1.14 1.1 1.04 1.05 1.05 1.03 1.05 1.1 1.14 1.06 1.09 1.14 0.94 1.1 1.04 1.05 1.08 0.99 0.99 1.01 1.0 1.2 1.12 1.09 1.11 1.12 1.15 1.17 1.1 1.09 1.04 0.99 1.05 1.04 1.04 1.03 1.09 1.01 1.09 0.99 0.99 1.1 1.11 1.1 1.0 1.11 1.14 0.93 1.04 1.15 1.08 1.01 1.05 1.12 1.07 1.09 0.99 1.09 1.15 1.04 1.04 1.09 1.04 1.15 1.05 1.0 1.04 1.0 1.05 0.99 1.1 1.09 1.06 1.01 1.13 1.15 1.04 0.99 1.05 1.19 1.12
1.09 1.08 1.14 1.16 1.39 1.02 1.17 1.12 1.15 1.13 1.14 1.12 1.09 1.15 1.03 1.08 1.07 1.24 1.15 1.13 1.04 1.09 1.19 1.25 1.14 1.12 1.13 1.13 1.07 1.03 1.15 1.09 1.09 1.15 1.17 1.09 1.04 1.14 1.08 1.15 1.1 1.02 1.14 1.06 1.02 1.13 1.02 1.12 1.07 1.07 1.02 1.12 1.1 1.17 1.23 1.34 1.1 1.1 1.18 1.14 1.15 1.23 1.05 1.1 1.09 1.02 1.13 1.14 1.09 1.04 1.16 1.03 1.05 1.15 1.1 0.96 1.12 1.08 1.09 1.07 1.2 1.15 1.08 1.08 1.14 1.14 1.07 1.11 1.13 1.06 1.17 1.18 1.28 1.07 1.07 1.02 1.07 1.12 1.18 1.09
1.23 1.13 1.24 1.12 1.13 1.19 1.23 1.24 1.24 1.24 1.13 1.09 1.15 1.15 1.14 1.12 1.27 1.13 1.13 1.12 1.28 1.3 1.19 1.22 1.06 1.16 1.16 1.06 1.19 1.17 1.16 1.17 1.19 1.35 1.12 1.17 1.25 1.21 1.37 1.34 1.23 1.18 1.21 1.0 1.12 1.24 1.19 1.17 1.22 1.12 1.14 1.18 1.28 1.29 1.13 1.08 1.12 1.21 1.27 1.32 1.25 1.24 1.33 1.31 1.06 1.14 1.15 1.13 1.07 1.02 1.23 1.23 1.17 1.18 1.18 1.11 1.18 1.13 1.0 1.18 1.23 1.18 1.19 1.13 1.18 1.12 1.23 1.18 1.23 1.24 1.13 1.23 1.12 1.19 1.12 1.07 1.18 1.17 1.25 1.17
1.21 1.23 1.28 1.16 1.2 1.2 1.15 1.21 1.16 1.21 1.15 1.19 1.2 1.14 1.15 1.16 1.15 1.19 1.15 1.19 1.21 1.27 1.32 1.14 1.26 1.14 1.27 1.2 1.22 1.28 1.25 1.3 1.29 1.17 1.21 1.18 1.16 1.23 1.23 1.31 1.17 1.1 1.28 1.33 1.24 1.36 1.26 1.16 1.27 1.16 1.26 1.14 1.2 1.21 1.15 1.21 1.15 1.14 1.2 1.2 1.26 1.37 1.26 1.15 1.15 1.2 1.22 1.14 1.19 1.37 1.21 1.19 1.26 1.28 1.14 1.21 1.22 1.28 1.4 1.16 1.22 1.27 1.15 1.14 1.26 1.21 1.38 1.15 1.21 1.14 1.27 1.26 1.27 1.21 1.15 1.2 1.21 1.2 1.27 1.26
1.25 1.21 1.21 1.27 1.25 1.13 1.21 1.25 1.31 1.33 1.39 1.25 1.3 1.39 1.31 1.25 1.28 1.21 1.27 1.26 1.34 1.31 1.28 1.27 1.28 1.24 1.14 1.32 1.24 1.32 1.33 1.25 1.2 1.26 1.19 1.25 1.37 1.25 1.2 1.25 1.19 1.31 1.24 1.37 1.31 1.27 1.37 1.25 1.26 1.36 1.26 1.16 1.38 1.31 1.31 1.3 1.37 1.26 1.24 1.32 1.21 1.21 1.33 1.34 1.23 1.4 1.3 1.32 1.34 1.42 1.32 1.37 1.29 1.47 1.3 1.23 1.21 1.13 1.25 1.13 1.32 1.32 1.19 1.37 1.33 1.2 1.26 1.26 1.24 1.21 1.27 1.25 1.26 1.3 1.44 1.27 1.35 1.22 1.44 1.34
1.3 1.29 1.32 1.45 1.28 1.28 1.29 1.35 1.28 1.35 1.28 1.22 1.3 1.22 1.41 1.34 1.33 1.33 1.15 1.29 1.34 1.15 1.19 1.44 1.44 1.44 1.27 1.21 1.26 1.26 1.27 1.32 1.26 1.32 1.26 1.33 1.26 1.32 1.39 1.21 1.33 1.25 1.33 1.26 1.29 1.39 1.38 1.42 1.27 1.35 1.28 1.34 1.28 1.38 1.22 1.23 1.33 1.39 1.16 1.26 1.33 1.27 1.27 1.34 1.16 1.34 1.27 1.29 1.29 1.23 1.37 1.29 1.29 1.22 1.27 1.28 1.27 1.2 1.21 1.27 1.38 1.26 1.25 1.44 1.39 1.38 1.32 1.27 1.2 1.38 1.32 1.31 1.38 1.32 1.26 1.32 1.27 1.25 1.38 1.2
1.27 1.35 1.45 1.34 1.43 1.31 1.29 1.44 1.29 1.48 1.4 1.36 1.35 1.4 1.35 1.34 1.4 1.42 1.28 1.28 1.42 1.28 1.53 1.3 1.34 1.39 1.35 1.39 1.46 1.28 1.4 1.41 1.33 1.4 1.4 1.33 1.39 1.31 1.32 1.38 1.27 1.4 1.28 1.32 1.28 1.35 1.4 1.42 1.33 1.38 1.26 1.33 1.32 1.39 1.26 1.25 1.46 1.32 1.39 1.27 1.27 1.33 1.39 1.45 1.38 1.27 1.33 1.44 1.45 1.34 1.32 1.34 1.26 1.32 1.4 1.32 1.4 1.33 1.33 1.38 1.37 1.27 1.32 1.27 1.33 1.39 1.46 1.32 1.32 1.32 1.33 1.38 1.33 1.34 1.39 1.51 1.33 1.51 1.46 1.39
1.37 1.42 1.47 1.36 1.29 1.18 1.42 1.36 1.49 1.49 1.29 1.3 1.41 1.28 1.42 1.35 1.3 1.48 1.35 1.48 1.36 1.41 1.36 1.41 1.42 1.35 1.41 1.36 1.35 1.35 1.48 1.23 1.34 1.3 1.48 1.35 1.61 1.36 1.34 1.35 1.36 1.4 1.41 1.5 1.24 1.35 1.29 1.36 1.47 1.35 1.35 1.35 1.42 1.41 1.35 1.36 1.41 1.47 1.42 1.41 1.55 1.47 1.47 1.42 1.35 1.36 1.35 1.35 1.35 1.49 1.35 1.35 1.42 1.36 1.48 1.36 1.35 1.48 1.16 1.48 1.41 1.54 1.36 1.42 1.35 1.48 1.48 1.42 1.41 1.29 1.35 1.35 1.48 1.48 1.35 1.23 1.41 1.35 1.37 1.29
1.49 1.37 1.47 1.48 1.4 1.34 1.47 1.47 1.45 1.6 1.4 1.39 1.4 1.46 1.46 1.6 1.46 1.4 1.41 1.4 1.61 1.47 1.53 1.42 1.46 1.4 1.54 1.48 1.4 1.61 1.42 1.33 1.4 1.47 1.46 1.41 1.4 1.28 1.46 1.46 1.52 1.48 1.47 1.47 1.41 1.47 1.39 1.4 1.54 1.46 1.53 1.47 1.47 1.4 1.6 1.46 1.67 1.46 1.4 1.49 1.33 1.39 1.55 1.49 1.47 1.47 1.41 1.4 1.41 1.49 1.47 1.46 1.47 1.54 1.41 1.49 1.46 1.47 1.46 1.52 1.54 1.55 1.59 1.61 1.28 1.6 1.53 1.6 1.47 1.53 1.41 1.52 1.4 1.33 1.39 1.47 1.4 1.48 1.46 1.6
1.54 1.5 1.46 1.45 1.46 1.55 1.61 1.59 1.59 1.44 1.57 1.59 1.49 1.51 1.5 1.59 1.45 1.47 1.51 1.44 1.39 1.52 1.52 1.52 1.52 1.39 1.57 1.45 1.5 1.53 1.58 1.58 1.52 1.44 1.51 1.46 1.74 1.52 1.52 1.53 1.56 1.51 1.5 1.43 1.5 1.51 1.44 1.5 1.5 1.52 1.51 1.58 1.58 1.5 1.49 1.49 1.67 1.39 1.44 1.5 1.57 1.52 1.53 1.42 1.51 1.52 1.45 1.66 1.53 1.45 1.5 1.5 1.5 1.58 1.45 1.45 1.57 1.44 1.44 1.44 1.52 1.57 1.5 1.58 1.5 1.36 1.43 1.66 1.64 1.46 1.44 1.43 1.64 1.55 1.43 1.45 1.44 1.45 1.45 1.58
1.54 1.64 1.66 1.57 1.66 1.5 1.63 1.41 1.56 1.55 1.57 1.34 1.76 1.65 1.55 1.48 1.56 1.56 1.62 1.51 1.7 1.63 1.57 1.41 1.62 1.52 1.49 1.49 1.49 1.63 1.56 1.42 1.64 1.49 1.64 1.91 1.56 1.5 1.62 1.56 1.63 1.63 1.51 1.66 1.73 1.5 1.58 1.57 1.55 1.62 1.65 1.44 1.68 1.66 1.58 1.57 1.68 1.63 1.6 1.63 1.63 1.5 1.56 1.56 1.51 1.59 1.64 1.5 1.49 1.41 1.49 1.63 1.51 1.71 1.55 1.56 1.88 1.67 1.53 1.43 1.51 1.57 1.49 1.57 1.49 1.57 1.68 1.55 1.72 1.63 1.56 1.57 1.51 1.56 1.64 1.65 1.42 1.7 1.56 1.49
1.66 1.65 1.46 1.6 1.73 1.65 1.8 1.59 1.51 1.66 1.51 1.57 1.51 1.66 1.57 1.73 1.6 1.65 1.58 1.51 1.71 1.51 1.59 1.61 1.68 1.65 1.49 1.67 1.73 1.75 1.54 1.59 1.52 1.52 1.59 1.44 1.6 1.61 1.59 1.57 1.66 1.52 1.44 1.71 1.52 1.45 1.82 1.67 1.66 1.53 1.6 1.51 1.68 1.61 1.63 1.63 1.52 1.75 1.68 1.67 1.67 1.54 1.58 1.54 1.68 1.55 1.7 2.02 1.64 1.53 1.62 1.66 1.67 1.69 1.61 1.52 1.59 1.59 1.57 1.51 1.72 1.64 1.66 1.72 1.58 1.58 1.6 1.57 1.53 1.57 1.71 1.58 1.72 1.72 1.51 1.65 1.58 1.72 1.65 1.65
1.77 1.69 1.77 1.51 1.57 1.7 1.7 1.56 1.7 1.71 1.7 1.69 1.63 1.62 1.7 1.48 1.69 1.41 1.63 1.7 1.7 1.62 1.77 1.71 1.64 1.62 1.7 1.55 1.55 1.64 1.71 1.7 1.61 1.63 1.92 1.77 1.71 1.69 1.78 1.63 1.63 1.56 1.55 1.71 1.77 1.64 1.56 1.78 1.69 1.57 1.54 1.56 1.63 1.71 1.71 1.63 1.57 1.71 1.69 1.7 1.62 1.78 1.69 1.55 1.63 1.71 1.7 1.71 1.77 1.7 1.73 1.68 1.74 1.5 1.51 1.68 1.68 1.75 1.83 1.78 1.7 1.58 1.62 1.72 1.71 1.7 1.71 1.63 1.65 1.63 1.73 1.44 1.65 1.57 1.63 1.55 1.7 1.7 1.56 1.79
1.61 1.82 1.71 1.76 1.76 1.81 1.75 1.59 1.74 1.66 1.75 1.67 1.66 1.82 1.69 1.66 1.8 1.83 1.59 1.52 1.69 1.74 1.67 1.67 1.74 1.75 1.84 1.74 1.61 1.66 1.58 1.75 1.74 1.66 1.73 1.67 1.89 1.44 1.6 1.66 1.59 1.67 1.67 1.58 1.75 1.65 1.75 1.67 1.82 1.74 1.6 1.6 1.67 1.74 1.66 1.66 1.82 1.83 1.66 1.74 1.74 1.74 1.67 1.66 1.74 1.6 1.66 1.67 1.67 1.73 1.82 1.67 1.66 1.59 1.6 1.65 1.67 1.59 1.66 1.51 1.53 1.59 1.52 1.67 1.67 1.66 1.66 1.67 1.67 1.76 1.59 1.67 1.67 1.8 1.74 1.52 1.73 1.66 1.61 1.65
1.9 1.64 1.88 1.82 1.64 1.73 1.55 1.87 1.79 1.64 1.87 1.71 1.64 1.63 1.87 1.71 1.79 1.79 1.55 1.71 1.72 1.87 1.72 1.63 1.7 1.72 1.71 1.79 1.64 1.71 1.71 1.63 1.88 1.86 1.72 1.94 1.71 1.64 1.78 1.86 1.79 1.94 1.8 1.8 1.94 1.72 1.71 1.71 1.87 1.94 1.78 1.73 1.58 1.65 1.96 1.8 1.78 1.96 1.88 1.87 1.72 1.95 1.64 1.64 1.65 1.71 1.79 1.71 1.79 1.94 1.79 1.64 1.96 1.87 1.63 1.94 1.8 1.79 1.8 1.79 2.11 1.71 1.79 1.71 1.81 1.87 1.78 1.72 1.86 1.79 1.79 1.72 1.71 1.86 1.72 1.86 1.87 1.71 1.71 1.65
1.84 1.85 1.81 1.81 1.75 1.74 1.77 1.77 1.83 1.67 1.77 1.98 1.67 1.92 1.76 1.92 1.85 1.82 1.68 1.99 1.86 1.96 1.81 1.88 1.87 1.87 1.77 2.0 1.76 1.84 1.82 1.87 1.68 1.67 1.68 1.91 1.84 1.95 1.83 1.9 1.77 1.82 1.83 2.01 2.07 1.98 1.94 1.9 1.91 1.91 2.03 1.95 1.79 2.04 1.64 1.88 1.86 1.78 1.81 1.86 1.98 2.0 1.99 1.9 1.73 1.87 1.81 1.82 1.88 1.95 2.04 1.87 1.55 1.81 1.87 1.93 1.95 1.86 1.78 2.03 1.85 1.85 1.78 2.09 1.85 1.79 1.78 1.86 1.71 1.93 1.86 1.8 1.79 1.8 1.68 2.14 1.82 1.84 1.89 1.87
1.79 1.97 1.97 1.88 1.8 1.97 1.79 1.97 1.79 1.71 1.72 2.03 1.85 1.87 1.87 1.77 1.78 1.96 1.93 1.96 1.95 1.93 1.8 1.87 2.02 2.03 1.95 1.94 1.95 1.8 1.95 1.79 1.78 1.79 1.8 1.87 1.79 1.72 1.96 1.79 1.87 1.8 1.78 1.87 1.78 2.03 1.72 1.86 1.87 1.87 1.78 1.87 1.95 1.87 2.1 1.79 1.95 1.87 1.86 1.81 1.7 1.87 1.95 1.7 1.96 2.04 1.87 1.88 2.11 1.87 1.81 1.72 1.95 1.8 1.88 2.02 1.88 1.96 1.94 1.8 1.61 1.87 1.95 1.95 2.02 1.87 1.96 1.87 1.88 1.95 1.71 1.94 2.03 1.87 1.86 1.95 1.86 1.95 1.87 1.78
2.09 1.84 1.91 1.84 2.08 1.84 1.99 1.93 1.91 2.01 2.07 2.08 1.84 2.09 1.84 1.92 2.09 2.08 2.02 1.93 1.92 1.92 2.09 1.66 2.08 1.92 1.74 1.75 1.91 1.9 2.0 2.08 1.91 1.84 1.91 1.9 1.91 2.0 2.07 1.92 1.82 2.08 2.01 1.82 2.07 1.84 1.83 1.91 1.99 1.74 1.91 1.91 1.83 1.99 2.08 1.83 1.91 1.93 2.0 1.83 2.07 2.0 2.0 1.84 2.09 2.08 1.91 1.91 1.98 1.85 2.0 1.76 2.18 1.91 1.9 2.02 1.99 1.9 2.19 1.84 1.99 2.26 1.92 1.76 2.26 2.1 1.93 1.85 2.11 1.99 1.76 1.92 1.91 1.86 1.93 1.84 1.93 2.0 1.93 1.92
2.17 1.98 1.98 1.95 1.95 2.22 1.97 2.22 2.15 2.04 2.06 1.97 2.22 1.96 1.98 2.32 2.05 2.32 2.14 1.89 1.98 2.23 2.06 2.07 1.97 2.05 2.15 2.04 2.05 2.07 1.96 2.06 1.97 2.06 2.05 2.24 2.14 1.96 1.98 2.06 2.23 2.06 1.88 1.98 2.22 1.88 2.06 1.97 2.14 2.14 2.05 1.89 1.96 1.99 2.06 2.05 2.06 2.13 1.98 2.06 2.05 2.05 2.15 2.04 2.05 2.15 1.98 2.14 1.98 1.98 1.97 2.14 2.06 2.4 2.06 1.89 2.09 2.16 1.92 2.0 2.01 1.9 2.07 2.07 2.23 1.97 1.96 2.14 2.23 2.05 2.13 2.06 1.97 2.15 1.98 1.97 1.98 1.89 1.96 1.97
2.22 2.03 1.89 2.17 2.12 2.19 2.03 2.11 1.84 2.01 2.18 2.12 2.04 1.93 2.12 2.05 2.17 2.26 2.06 2.06 2.11 1.95 2.14 2.22 2.13 2.13 2.19 2.05 2.21 2.13 2.14 2.14 2.2 2.11 2.2 2.27 2.11 2.13 2.39 2.16 2.16 2.24 2.14 2.17 2.11 2.15 2.12 2.09 2.09 1.92 2.08 2.17 2.02 2.01 2.0 2.01 2.2 2.12 1.93 2.02 2.21 1.93 1.93 2.02 2.29 2.11 1.95 1.92 1.91 2.04 2.12 1.99 1.94 2.11 2.04 2.15 2.1 2.03 2.22 2.14 2.02 2.11 2.12 1.91 2.19 2.1 2.08 2.02 2.09 2.61 2.11 1.92 2.1 2.2 2.0 2.11 2.28 2.12 2.0 2.21
2.27 2.08 2.07 1.97 2.52 2.16 2.28 2.18 2.16 2.17 2.08 2.14 2.17 2.24 2.05 2.17 2.15 2.07 2.07 2.15 2.14 1.98 2.23 2.15 2.17 2.17 2.2 2.1 2.15 2.16 2.08 2.26 2.26 2.18 2.1 2.24 2.15 2.17 2.09 2.29 2.28 2.19 2.09 2.19 2.19 2.18 2.17 2.16 2.27 2.15 1.98 2.09 2.29 2.17 2.0 2.07 2.24 2.3 2.17 2.23 2.35 2.16 2.16 2.12 2.37 2.16 2.1 2.18 2.07 2.17 2.27 2.16 2.27 2.17 2.17 2.08 2.25 2.25 2.07 2.08 2.14 2.08 2.32 2.07 2.33 2.34 2.18 2.3 2.17 2.16 1.9 2.16 2.34 2.16 2.15 2.43 2.17 2.28 2.05 2.18
2.17 2.62 2.19 2.28 2.16 2.27 2.41 1.99 2.23 1.98 2.16 2.14 2.34 2.14 2.42 2.16 2.14 2.15 2.17 2.24 2.06 2.16 2.25 2.25 2.34 2.24 2.06 1.99 2.15 2.06 2.52 2.33 2.25 2.42 2.07 2.34 2.33 2.06 1.98 2.25 2.07 2.16 2.07 2.08 2.06 2.34 2.24 2.06 2.07 2.16 2.23 2.25 2.26 2.15 1.98 2.24 2.15 2.26 2.06 1.98 2.33 2.16 2.15 2.25 2.07 2.06 2.06 2.06 2.25 2.24 2.25 1.97 2.17 2.17 2.16 2.07 1.98 1.97 2.16 2.24 2.34 2.18 2.15 2.24 2.44 2.24 2.25 2.26 2.16 2.06 2.08 2.16 2.16 2.16 2.07 2.07 2.25 2.33 2.06 2.08
2.4 2.2 2.12 2.32 2.38 2.31 2.31 2.21 2.32 2.3 2.25 2.24 2.21 2.39 2.13 2.29 2.05 2.31 2.11 2.03 2.29 2.39 2.3 2.13 2.02 2.49 2.11 2.39 2.4 2.39 2.3 2.13 2.3 2.22 2.23 2.33 2.4 2.14 2.24 2.21 2.22 2.21 2.39 2.13 2.21 2.12 2.75 2.21 2.3 2.21 2.29 2.2 2.22 2.31 2.3 2.23 2.21 2.11 2.12 2.22 2.3 2.4 2.47 2.21 2.23 2.21 2.11 2.11 2.2 2.31 2.22 2.2 2.02 2.12 2.22 2.3 2.11 2.2 2.02 2.39 2.11 2.31 2.32 2.29 2.21 2.21 2.12 2.11 2.39 2.39 2.11 2.13 2.3 2.12 2.22 2.14 2.21 2.22 2.31 2.31
2.17 2.3 2.19 2.16 2.38 2.09 2.36 2.45 2.35 2.25 2.36 2.35 2.35 2.08 2.27 2.35 2.17 2.35 2.08 2.34 2.44 2.29 2.34 2.17 2.37 2.17 2.16 2.45 2.36 2.35 2.44 2.18 2.16 2.35 2.47 2.24 2.25 2.27 2.16 2.24 2.35 2.23 2.34 2.17 2.15 2.26 2.28 2.28 2.18 2.38 2.18 2.35 2.38 2.28 2.24 2.37 2.38 2.36 2.28 2.28 2.54 2.38 2.17 2.27 2.27 2.19 2.25 2.38 2.19 2.35 2.38 2.37 2.16 2.38 2.28 2.16 2.29 2.28 2.37 2.38 2.28 2.4 2.4 2.38 2.3 2.37 2.3 2.49 2.11 2.49 2.27 2.3 2.29 2.21 2.8 2.32 2.3 2.41 2.31 2.34
2.31 2.31 2.47 2.11 2.48 2.3 2.21 2.38 2.3 2.12 2.39 2.41 2.48 2.48 2.3 2.39 2.38 2.31 2.31 2.39 2.39 2.29 2.38 2.31 2.21 2.2 2.37 2.3 2.47 2.31 2.1 2.29 2.3 2.48 2.29 2.31 2.39 2.3 2.5 2.3 2.29 2.4 2.39 2.19 2.5 2.48 2.38 2.22 2.2 2.39 2.28 2.29 2.29 2.21 2.3 2.38 2.39 2.38 2.5 2.41 2.3 2.29 2.32 2.39 2.29 2.32 2.49 2.49 2.5 2.21 2.2 2.31 2.39 2.2 2.13 2.39 2.59 2.41 2.3 2.49 2.29 2.38 2.57 2.32 2.2 2.29 2.31 2.39 2.11 2.3 2.3 2.29 2.51 2.29 2.48 2.59 2.3 2.57 2.58 2.3
2.44 2.25 2.52 2.55 2.33 2.43 2.44 2.62 2.44 2.44 2.53 2.43 2.43 2.44 2.34 2.44 2.42 2.34 2.44 2.34 2.04 2.43 2.34 2.33 2.35 2.34 2.35 2.14 2.34 2.35 2.34 2.47 2.38 2.5 2.58 2.27 2.44 2.25 2.33 2.44 2.43 2.53 2.55 2.57 2.36 2.44 2.54 2.62 2.52 2.53 2.52 2.45 2.25 2.41 2.53 2.44 2.25 2.46 2.36 2.34 2.62 2.27 2.38 2.67 2.37 2.44 2.54 2.53 2.42 2.23 2.37 2.56 2.27 2.54 2.43 2.63 2.53 2.42 2.43 2.33 2.43 2.24 2.24 2.43 2.52 2.44 2.52 2.34 2.43 2.34 2.34 2.25 2.15 2.53 2.53 2.34 2.43 2.53 2.41 2.43
2.33 2.61 2.72 2.33 2.48 2.49 2.59 2.57 2.38 2.48 2.48 2.38 2.6 2.59 2.42 2.53 2.71 2.52 2.62 2.48 2.53 2.52 2.33 2.32 2.6 2.53 2.39 2.33 2.38 2.5 2.41 2.5 2.59 2.52 2.6 2.39 2.47 2.48 2.39 2.32 2.57 2.49 2.66 2.39 2.3 2.28 2.68 2.57 2.59 2.29 2.48 2.3 2.49 2.28 2.28 2.47 2.56 2.28 2.28 2.57 2.48 2.37 2.67 2.3 2.58 2.09 2.3 2.49 2.39 2.47 2.48 2.38 2.29 2.38 2.3 2.48 2.3 2.48 2.48 2.39 2.49 2.29 2.19 2.38 2.53 2.49 2.48 2.29 2.37 2.29 2.38 2.29 2.48 2.47 2.19 2.29 2.57 2.57 2.38 2.57
2.66 2.54 2.55 2.53 2.43 2.64 2.33 2.52 2.62 2.65 2.42 2.64 2.45 2.73 2.72 2.53 2.61 2.43 2.53 2.73 2.63 2.63 2.61 2.43 2.55 2.31 2.41 2.33 2.52 2.44 2.54 2.81 2.54 2.23 2.61 2.72 2.53 2.61 2.44 2.64 2.61 2.62 2.54 2.62 2.52 2.63 2.71 2.52 2.54 2.41 2.33 2.73 2.62 2.53 2.52 2.82 2.53 2.53 2.42 2.53 2.43 2.51 2.53 2.53 2.52 2.53 2.52 2.51 2.63 2.52 2.31 2.42 2.53 2.6 2.63 2.52 2.61 2.63 2.74 2.64 2.61 2.52 2.6 2.51 2.52 2.51 2.52 2.52 2.5 2.53 2.52 2.41 2.52 2.52 2.53 2.53 2.62 2.42 2.63 2.53
2.49 2.39 2.46 2.48 2.67 2.36 2.68 2.66 2.78 2.56 2.67 2.67 2.46 2.68 2.37 2.78 2.56 2.98 2.46 2.78 2.76 2.57 2.47 2.57 2.28 2.57 2.76 2.58 2.67 2.67 2.67 2.46 2.57 2.68 2.47 2.58 2.47 2.47 2.58 2.58 2.46 2.67 2.68 2.78 2.77 2.78 2.47 2.78 2.38 2.57 2.48 2.57 2.68 2.68 2.67 2.68 2.56 2.68 2.78 2.58 2.68 2.48 2.57 2.57 2.68 2.58 2.57 2.59 2.48 2.69 2.78 2.66 2.46 2.58 2.68 2.57 2.56 2.67 2.67 2.36 2.68 2.59 2.58 2.27 2.89 2.77 2.56 2.87 2.56 2.67 2.68 2.56 2.67 2.47 2.67 2.57 2.66 2.57 2.46 2.68
2.91 2.87 2.61 2.62 2.62 2.71 2.72 2.52 2.81 2.52 2.72 2.61 2.83 2.72 2.7 2.72 2.73 2.5 2.51 2.62 2.6 2.93 2.73 2.6 2.61 2.52 2.7 2.73 2.53 2.81 2.72 2.84 2.71 2.62 2.73 2.6 2.72 2.54 2.71 2.41 2.62 2.7 2.73 2.62 2.71 2.52 2.73 2.62 2.72 2.51 2.51 2.84 2.74 2.69 2.63 2.61 2.61 2.83 2.83 2.7 2.92 2.73 2.5 2.74 2.64 2.51 2.5 2.5 2.59 2.59 2.62 2.7 2.6 2.62 3.0 2.72 2.41 2.49 2.6 2.62 2.59 2.9 2.51 2.59 2.5 2.71 2.7 2.5 2.83 2.71 2.72 2.72 2.71 2.71 2.72 2.48 2.7 2.62 2.71 2.72
2.73 2.47 2.6 2.54 2.64 2.63 2.64 2.44 2.44 2.74 2.84 2.53 2.55 2.65 2.42 2.54 2.54 2.64 2.44 2.53 2.44 2.54 2.64 2.35 2.44 2.54 2.64 2.54 2.54 2.64 2.64 2.65 2.84 2.65 2.64 2.63 2.54 2.34 2.54 2.54 2.54 2.65 2.85 2.64 2.53 2.65 2.65 2.74 2.54 2.74 2.63 2.75 2.34 2.64 2.34 2.63 2.54 2.53 2.55 2.75 2.45 2.65 2.65 2.44 2.45 2.64 2.55 2.55 2.64 2.64 2.66 2.46 2.57 2.65 2.54 2.73 2.53 2.63 2.44 2.43 2.53 2.52 2.63 2.43 2.54 2.53 2.53 2.93 2.63 2.52 2.63 2.54 2.73 2.53 2.76 2.82 2.64 2.35 2.64 2.63
2.58 2.9 2.63 2.58 2.56 2.47 2.58 2.68 2.79 2.67 2.77 2.35 2.67 2.88 2.77 2.56 2.56 2.77 2.68 2.57 2.57 2.77 2.66 2.77 2.67 2.67 2.56 2.56 2.56 2.79 2.67 2.88 2.38 2.98 2.77 2.57 2.67 2.67 2.57 2.66 2.36 2.58 2.67 2.67 2.58 2.57 2.87 2.67 2.57 2.67 2.57 2.47 2.67 2.77 2.68 2.68 2.47 2.88 2.98 2.47 2.89 2.57 2.88 2.68 2.77 2.57 2.65 2.57 2.57 2.68 2.59 2.58 2.78 2.59 2.78 2.65 2.65 2.35 2.56 2.65 2.47 2.55 2.89 2.55 2.77 2.66 2.66 2.65 2.56 2.77 2.87 2.46 2.55 2.66 2.66 2.65 2.46 2.85 2.66 2.57
2.73 2.7 2.84 2.62 2.83 2.63 2.73 2.83 2.63 3.19 2.63 2.82 2.63 2.96 2.72 2.83 3.04 2.73 2.84 2.53 2.72 2.63 2.73 2.74 3.17 2.63 2.73 2.73 2.74 2.63 2.82 2.85 2.83 2.84 2.84 2.72 2.63 2.85 2.84 2.74 2.84 2.95 2.63 2.62 3.05 2.75 2.94 2.63 2.73 2.64 2.95 2.75 2.52 2.64 2.83 2.53 2.84 2.64 2.52 2.94 2.76 2.54 2.83 2.63 2.96 2.94 2.65 2.64 2.73 2.84 2.99 2.43 2.66 2.94 2.86 2.66 3.0 2.82 2.66 2.54 2.52 3.08 2.65 2.65 2.84 2.8 2.67 2.77 2.65 2.79 2.67 2.78 2.67 2.86 2.97 2.64 2.85 2.86 2.56 2.66
2.75 3.05 2.8 2.57 2.68 2.9 2.67 3.0 2.79 2.57 2.78 2.9 2.9 2.79 2.9 2.36 2.9 2.7 2.79 2.67 2.79 2.9 2.9 2.7 2.99 2.68 2.81 2.9 2.68 2.81 2.89 2.69 2.89 2.67 3.11 2.68 3.0 2.69 2.58 2.79 2.78 2.57 2.89 2.68 2.69 2.68 2.68 2.78 2.58 2.69 2.99 2.79 2.78 2.8 2.67 2.89 2.89 2.58 2.79 2.9 2.68 2.78 2.68 2.67 2.88 2.92 2.81 3.01 2.91 2.96 2.82 2.8 2.69 2.69 2.57 2.67 2.89 2.72 2.94 2.93 2.98 2.8 2.79 2.92 2.85 2.83 2.89 2.9 2.94 3.14 2.57 2.67 2.78 2.78 2.81 2.93 2.91 2.68 2.7 3.0
3.07 2.69 2.88 2.68 2.77 2.98 2.99 2.77 2.76 2.88 3.1 2.45 2.78 2.87 2.86 2.88 2.56 2.77 2.67 2.65 3.07 2.78 2.69 2.77 2.76 2.89 2.75 2.68 2.77 2.66 2.78 2.76 2.75 2.56 2.78 2.66 2.88 2.87 3.18 2.87 2.56 2.98 2.56 2.66 2.54 2.66 2.76 2.66 2.98 2.77 2.66 2.66 2.97 2.55 2.76 2.99 2.65 2.77 2.88 2.65 2.98 2.77 2.55 2.45 2.98 2.66 2.66 2.76 2.97 2.87 2.87 2.97 2.88 2.77 2.86 2.98 2.86 3.08 2.66 2.66 2.87 2.87 2.87 2.97 2.78 2.78 2.97 2.88 2.76 2.75 2.66 2.77 2.96 2.67 2.65 2.97 2.77 2.78 2.54 2.99
3.02 2.71 3.19 3.05 2.84 2.94 2.73 3.06 2.85 2.95 2.85 3.26 2.75 2.84 2.73 3.06 2.95 2.95 2.86 2.75 2.84 3.06 2.95 2.95 2.85 2.73 2.85 2.75 2.75 2.95 2.73 2.86 3.07 2.94 2.74 2.96 2.74 2.86 2.75 3.06 2.84 2.85 2.95 2.94 3.07 2.74 2.96 3.07 2.83 2.85 3.07 2.95 2.97 2.96 2.96 3.07 2.75 3.07 2.97 2.74 2.84 2.74 2.73 3.05 3.29 3.28 2.84 2.85 2.96 2.97 3.05 2.95 2.95 2.84 3.04 3.16 2.84 2.95 2.84 2.95 2.94 2.83 2.95 2.72 2.95 2.84 2.95 2.96 2.96 3.06 2.83 2.97 2.95 2.72 2.94 2.95 2.73 2.96 3.16 3.16
2.83 2.94 2.77 2.99 2.88 2.89 2.99 2.99 2.67 3.0 2.89 3.0 2.89 2.9 3.01 2.99 2.79 3.12 2.9 3.11 3.12 2.89 3.12 3.12 2.89 3.01 2.9 2.89 3.12 3.01 3.0 3.01 2.79 3.0 2.68 2.9 3.0 3.02 2.89 3.14 3.01 2.78 3.12 2.79 3.01 3.01 3.12 2.89 3.01 2.79 2.89 2.99 2.78 2.89 3.01 3.22 3.11 2.89 2.79 2.91 3.03 3.14 2.95 2.89 3.12 2.9 3.07 3.01 3.0 2.92 2.97 2.95 3.08 2.82 2.78 2.79 3.03 3.13 3.14 3.21 2.92 3.0 2.91 2.94 2.85 3.05 2.92 2.79 3.23 2.9 3.01 2.68 2.66 2.89 3.02 2.9 2.9 2.79 2.91 2.9
3.25 3.11 3.06 3.07 3.17 3.16 2.94 3.06 3.18 2.96 3.16 3.18 2.84 3.51 3.17 3.07 2.95 3.17 3.09 2.95 2.94 3.09 3.08 3.06 3.19 3.07 3.28 3.08 3.05 2.96 3.07 3.07 3.29 3.07 3.07 3.06 2.97 2.83 3.07 2.96 2.83 3.17 3.07 2.94 2.85 3.09 3.31 3.05 3.09 3.3 3.04 2.87 2.95 3.05 3.07 3.06 3.27 2.95 3.06 3.15 3.07 3.16 3.15 3.07 3.05 2.92 3.07 3.04 3.05 3.17 3.28 2.92 3.07 3.16 3.03 3.08 2.82 3.29 2.97 2.98 3.14 2.96 3.16 3.05 3.17 3.06 2.83 3.06 2.95 3.05 3.05 2.94 3.15 3.18 2.94 3.15 2.95 2.95 3.04 3.17
3.22 3.23 3.32 3.1 3.2 3.07 3.32 2.97 3.07 3.2 3.33 2.97 3.21 3.21 2.85 3.09 3.33 3.33 3.08 3.1 3.2 3.32 3.31 3.23 3.08 2.85 3.22 3.2 3.34 3.47 3.09 3.47 3.33 2.97 3.12 3.09 3.21 3.33 3.33 3.44 3.45 3.55 3.68 3.11 3.2 3.33 3.23 3.1 3.33 3.31 3.08 3.2 3.1 3.08 3.32 3.23 2.97 3.2 3.22 3.45 3.68 3.22 3.21 3.21 2.97 3.1 2.97 3.2 3.2 2.96 3.44 3.21 3.44 3.33 3.09 3.2 3.09 3.2 3.09 2.97 2.98 3.32 3.21 3.22 3.31 3.22 3.33 3.33 2.97 2.98 2.97 3.33 3.21 2.96 3.44 3.2 2.97 2.97 3.21 3.09
3.1 3.21 3.27 3.04 3.05 3.26 3.28 3.28 3.03 3.4 3.28 3.15 3.29 3.16 2.81 3.06 3.29 3.04 3.19 3.18 3.17 3.29 3.17 3.39 3.17 3.17 3.28 3.17 3.05 3.27 3.16 3.29 3.16 3.17 3.28 3.27 3.3 3.4 3.15 3.52 3.41 3.16 3.06 3.28 3.05 3.17 3.17 3.15 3.29 3.17 3.17 3.28 3.5 3.02 3.04 2.91 3.02 3.41 2.81 3.25 3.16 3.15 3.02 3.05 3.27 3.16 3.29 3.17 2.93 3.15 3.27 3.26 3.28 3.28 3.37 3.06 3.15 3.26 3.05 3.16 3.03 3.16 3.4 3.14 3.05 3.27 3.26 3.17 3.4 3.27 3.03 3.05 3.27 3.38 3.27 3.14 3.15 3.15 3.26 3.04
3.47 3.35 3.48 3.44 3.31 3.23 3.56 3.46 3.33 3.33 3.42 3.34 3.34 3.48 3.36 3.33 3.31 3.57 3.33 3.44 3.2 3.69 3.56 3.46 3.19 3.46 3.45 3.32 3.44 3.45 2.83 3.22 3.21 3.45 3.32 3.81 3.32 3.57 3.58 3.24 3.34 3.44 3.57 3.32 3.44 3.44 3.32 3.46 3.35 3.44 3.34 3.35 3.44 3.44 3.43 3.44 3.44 3.45 3.45 3.43 3.44 3.33 3.45 3.21 3.2 3.45 3.57 3.56 3.45 3.34 3.2 3.46 3.31 3.45 3.46 3.32 3.19 3.32 3.46 3.45 3.32 3.47 3.45 3.31 3.32 3.31 3.58 3.46 3.43 3.19 3.44 3.32 3.55 3.44 3.42 3.44 3.2 3.31 3.44 3.07
3.21 3.3 3.37 3.4 3.36 3.39 3.24 3.5 3.13 3.38 3.13 3.37 3.37 3.38 3.39 3.03 3.4 3.39 3.27 3.39 3.39 3.37 3.4 3.27 3.37 3.13 3.63 3.52 3.38 3.41 3.4 3.39 3.14 3.39 3.51 3.38 3.39 3.38 3.14 3.4 3.28 3.5 3.39 3.39 3.63 3.41 3.4 3.24 3.39 3.27 3.13 3.37 3.37 3.24 3.36 3.35 3.27 3.26 3.38 3.38 3.16 3.36 3.35 3.38 3.24 3.38 3.35 3.38 3.29 3.4 3.36 3.38 3.49 3.35 3.14 3.28 3.26 3.39 3.26 3.38 3.42 3.37 3.24 3.4 3.4 3.14 3.27 3.26 3.37 3.14 3.02 3.38 3.37 3.38 3.38 3.35 3.36 3.37 3.13 3.38
3.77 3.44 3.28 3.42 3.43 3.42 3.41 3.41 3.43 3.47 3.44 3.31 3.3 3.42 3.42 3.43 3.42 3.43 3.42 3.42 3.31 3.42 3.43 3.19 3.44 3.43 3.43 3.47 3.42 3.44 3.43 3.43 3.2 3.43 3.2 3.44 3.31 3.43 3.43 3.43 3.43 3.43 3.42 3.43 3.43 3.43 3.43 3.43 3.32 3.43 3.56 3.31 3.43 3.44 3.42 3.45 3.48 3.49 3.47 3.45 3.42 3.45 3.43 3.17 3.42 3.42 3.44 3.48 3.44 3.41 3.33 3.33 3.43 3.46 3.36 3.46 3.47 3.35 3.34 3.59 3.2 3.43 3.32 3.44 3.44 3.32 3.44 3.45 3.43 3.42 3.3 3.42 3.41 3.43 3.43 3.43 3.59 3.43 3.42 3.41
3.63 3.7 3.58 3.59 3.69 3.58 3.59 3.7 3.72 3.58 3.58 3.72 3.58 3.69 3.72 3.57 3.57 3.7 3.59 3.56 3.34 3.59 3.57 3.59 3.59 3.57 3.59 3.59 3.58 3.59 3.6 3.57 3.59 3.59 3.57 3.59 3.6 3.57 3.72 3.71 3.57 3.6 3.59 3.7 3.62 3.74 3.75 3.46 3.58 3.56 3.71 3.58 3.56 3.7 3.71 3.57 3.59 3.72 3.57 3.71 3.58 3.58 3.71 3.71 3.58 3.72 3.58 3.57 3.59 3.6 3.74 3.6 3.6 3.62 3.64 3.63 3.6 3.64 3.67 3.76 3.71 3.59 3.61 3.63 3.6 3.59 3.61 3.62 3.72 3.72 3.75 3.61 3.6 3.73 3.6 3.99 3.64 3.53 3.75 3.62
