2257704.48 7380536.19 7576755.89 7591700.18 7986178.41 2257704.48 8524389.44 5501157.13 8623524.86 8659042.20 8701130.16
8757484.12 2257704.48 48195292.6 51033536.3 10741288.6 3994320.28 10813082.5 5564557.79 21941155.6 37057073.2 28880426.5
8959761.47 53741432.6 2257704.48 55712668.6 149386811 60172198.0 10969252.7 111994109 22852751.4 38465146.7 29088793.3
9163972.63 57157398.0 58164878.5 2257704.48 11247791.6 4405140.24 11523557.5 5602335.17 23110399.4 38816660.2 30917419.7
9392415.55 11870477.0 188497057 12100307.8 2257704.48 61712778.3 12676309.3 122485386 12807288.1 12828504.5 14173412.7
4472755.26 4713102.69 63584654.4 4759274.00 64715315.9 2257704.48 4781742.53 80457276.8 4881392.75 4963556.18 4985540.41
9584823.83 14766925.2 15628383.7 16103692.5 16188100.8 5225959.67 2257704.48 5611761.46 16692371.0 17047453.5 17358891.2
5715344.10 5885441.35 148350055 6001332.96 148817695 89532986.9 6179861.75 2257704.48 6279635.75 6427449.03 6863816.01
9788477.61 23309688.8 23686176.5 24337172.0 17544755.5 5373698.62 17577315.0 7000832.61 2257704.48 26009261.7 26511892.7
10540762.8 41021953.8 41127050.2 42647556.4 18598474.1 5466584.22 19568943.6 7002119.95 27981744.3 2257704.48 31942283.5
10564063.6 32868858.8 33684192.1 34266941.2 20108059.2 5485909.76 20979932.0 7003866.85 27991612.1 34484812.3 2257704.48
