0	2	13	-1	-1	-1	-1	-1	-1	-1	-1
0	2	24	-1	-1	-1	-1	-1	-1	-1	-1
0	4	3	24	-1	-1	-1	-1	-1	-1	-1
0	4	3	25	-1	-1	-1	-1	-1	-1	-1
0	4	5	6	1	12	-1	-1	-1	-1	-1
0	4	5	6	7	8	3	24	-1	-1	-1
0	4	5	6	7	8	9	10	1	12	-1
0	4	5	6	7	10	1	12	-1	-1	-1
0	4	5	6	7	10	9	8	3	24	-1
0	4	5	6	10	1	12	-1	-1	-1	-1
0	4	5	6	10	7	8	3	24	-1	-1
0	4	5	6	10	9	8	3	24	-1	-1
0	4	5	25	-1	-1	-1	-1	-1	-1	-1
0	4	8	3	24	-1	-1	-1	-1	-1	-1
0	4	8	3	25	-1	-1	-1	-1	-1	-1
0	4	8	7	6	1	12	-1	-1	-1	-1
0	4	8	7	6	5	25	-1	-1	-1	-1
0	4	8	7	6	10	1	12	-1	-1	-1
0	4	8	7	10	1	6	5	25	-1	-1
0	4	8	7	10	1	12	-1	-1	-1	-1
0	4	8	7	10	6	1	12	-1	-1	-1
0	4	8	7	10	6	5	25	-1	-1	-1
0	4	8	9	10	1	6	5	25	-1	-1
0	4	8	9	10	1	12	-1	-1	-1	-1
0	4	8	9	10	6	1	12	-1	-1	-1
0	4	8	9	10	6	5	25	-1	-1	-1
0	4	8	9	10	7	6	1	12	-1	-1
0	4	8	9	10	7	6	5	25	-1	-1
0	4	9	8	3	24	-1	-1	-1	-1	-1
0	4	9	8	3	25	-1	-1	-1	-1	-1
0	4	9	8	7	6	1	12	-1	-1	-1
0	4	9	8	7	6	5	25	-1	-1	-1
0	4	9	8	7	6	10	1	12	-1	-1
0	4	9	8	7	10	1	6	5	25	-1
0	4	9	8	7	10	1	12	-1	-1	-1
0	4	9	8	7	10	6	1	12	-1	-1
0	4	9	8	7	10	6	5	25	-1	-1
0	4	9	10	1	6	5	25	-1	-1	-1
0	4	9	10	1	6	7	8	3	25	-1
0	4	9	10	1	12	-1	-1	-1	-1	-1
0	4	9	10	6	1	12	-1	-1	-1	-1
0	4	9	10	6	5	25	-1	-1	-1	-1
0	4	9	10	6	7	8	3	24	-1	-1
0	4	9	10	6	7	8	3	25	-1	-1
0	4	9	10	7	6	1	12	-1	-1	-1
0	4	9	10	7	6	5	25	-1	-1	-1
0	4	9	10	7	8	3	24	-1	-1	-1
0	4	9	10	7	8	3	25	-1	-1	-1
0	7	6	1	10	9	4	3	25	-1	-1
0	7	6	1	10	9	4	5	25	-1	-1
0	7	6	1	10	9	4	8	3	25	-1
0	7	6	1	10	9	8	3	25	-1	-1
0	7	6	1	10	9	8	4	3	25	-1
0	7	6	1	10	9	8	4	5	25	-1
0	7	6	1	12	-1	-1	-1	-1	-1	-1
0	7	6	5	4	3	24	-1	-1	-1	-1
0	7	6	5	4	8	3	24	-1	-1	-1
0	7	6	5	4	8	9	10	1	12	-1
0	7	6	5	4	9	8	3	24	-1	-1
0	7	6	5	4	9	10	1	12	-1	-1
0	7	6	5	25	-1	-1	-1	-1	-1	-1
0	7	6	10	1	12	-1	-1	-1	-1	-1
0	7	6	10	9	4	3	24	-1	-1	-1
0	7	6	10	9	4	3	25	-1	-1	-1
0	7	6	10	9	4	5	25	-1	-1	-1
0	7	6	10	9	4	8	3	24	-1	-1
0	7	6	10	9	4	8	3	25	-1	-1
0	7	6	10	9	8	3	24	-1	-1	-1
0	7	6	10	9	8	3	25	-1	-1	-1
0	7	6	10	9	8	4	3	24	-1	-1
0	7	6	10	9	8	4	3	25	-1	-1
0	7	6	10	9	8	4	5	25	-1	-1
0	7	8	3	24	-1	-1	-1	-1	-1	-1
0	7	8	3	25	-1	-1	-1	-1	-1	-1
0	7	8	4	3	24	-1	-1	-1	-1	-1
0	7	8	4	3	25	-1	-1	-1	-1	-1
0	7	8	4	5	6	1	12	-1	-1	-1
0	7	8	4	5	6	10	1	12	-1	-1
0	7	8	4	5	25	-1	-1	-1	-1	-1
0	7	8	4	9	10	1	6	5	25	-1
0	7	8	4	9	10	1	12	-1	-1	-1
0	7	8	4	9	10	6	1	12	-1	-1
0	7	8	4	9	10	6	5	25	-1	-1
0	7	8	9	4	3	24	-1	-1	-1	-1
0	7	8	9	4	3	25	-1	-1	-1	-1
0	7	8	9	4	5	6	1	12	-1	-1
0	7	8	9	4	5	6	10	1	12	-1
0	7	8	9	4	5	25	-1	-1	-1	-1
0	7	8	9	10	1	6	5	25	-1	-1
0	7	8	9	10	1	12	-1	-1	-1	-1
0	7	8	9	10	6	1	12	-1	-1	-1
0	7	8	9	10	6	5	4	3	24	-1
0	7	8	9	10	6	5	25	-1	-1	-1
0	7	10	1	6	5	25	-1	-1	-1	-1
0	7	10	1	12	-1	-1	-1	-1	-1	-1
0	7	10	6	1	12	-1	-1	-1	-1	-1
0	7	10	6	5	4	3	24	-1	-1	-1
0	7	10	6	5	4	8	3	24	-1	-1
0	7	10	6	5	4	9	8	3	24	-1
0	7	10	6	5	25	-1	-1	-1	-1	-1
0	7	10	9	4	3	24	-1	-1	-1	-1
0	7	10	9	4	3	25	-1	-1	-1	-1
0	7	10	9	4	5	6	1	12	-1	-1
0	7	10	9	4	5	25	-1	-1	-1	-1
0	7	10	9	4	8	3	24	-1	-1	-1
0	7	10	9	4	8	3	25	-1	-1	-1
0	7	10	9	8	3	24	-1	-1	-1	-1
0	7	10	9	8	3	25	-1	-1	-1	-1
0	7	10	9	8	4	3	24	-1	-1	-1
0	7	10	9	8	4	3	25	-1	-1	-1
0	7	10	9	8	4	5	6	1	12	-1
0	7	10	9	8	4	5	25	-1	-1	-1
1	6	5	25	-1	-1	-1	-1	-1	-1	-1
1	6	7	0	2	13	-1	-1	-1	-1	-1
1	6	7	0	4	3	25	-1	-1	-1	-1
1	6	7	0	4	5	25	-1	-1	-1	-1
1	6	7	0	4	8	3	25	-1	-1	-1
1	6	7	0	4	9	8	3	25	-1	-1
1	6	7	8	3	25	-1	-1	-1	-1	-1
1	6	7	8	4	0	2	13	-1	-1	-1
1	6	7	8	4	3	25	-1	-1	-1	-1
1	6	7	8	4	5	25	-1	-1	-1	-1
1	6	7	8	9	4	0	2	13	-1	-1
1	6	7	8	9	4	3	25	-1	-1	-1
1	6	7	8	9	4	5	25	-1	-1	-1
1	6	7	10	9	4	0	2	13	-1	-1
1	6	7	10	9	4	3	25	-1	-1	-1
1	6	7	10	9	4	5	25	-1	-1	-1
1	6	7	10	9	4	8	3	25	-1	-1
1	6	7	10	9	8	3	25	-1	-1	-1
1	6	7	10	9	8	4	0	2	13	-1
1	6	7	10	9	8	4	3	25	-1	-1
1	6	7	10	9	8	4	5	25	-1	-1
1	6	10	7	0	2	13	-1	-1	-1	-1
1	6	10	7	0	4	3	25	-1	-1	-1
1	6	10	7	0	4	5	25	-1	-1	-1
1	6	10	7	0	4	8	3	25	-1	-1
1	6	10	7	0	4	9	8	3	25	-1
1	6	10	7	8	3	25	-1	-1	-1	-1
1	6	10	7	8	4	0	2	13	-1	-1
1	6	10	7	8	4	3	25	-1	-1	-1
1	6	10	7	8	4	5	25	-1	-1	-1
1	6	10	7	8	9	4	0	2	13	-1
1	6	10	7	8	9	4	3	25	-1	-1
1	6	10	7	8	9	4	5	25	-1	-1
1	6	10	9	4	0	2	13	-1	-1	-1
1	6	10	9	4	0	7	8	3	25	-1
1	6	10	9	4	3	25	-1	-1	-1	-1
1	6	10	9	4	5	25	-1	-1	-1	-1
1	6	10	9	4	8	3	25	-1	-1	-1
1	6	10	9	4	8	7	0	2	13	-1
1	6	10	9	8	3	25	-1	-1	-1	-1
1	6	10	9	8	4	0	2	13	-1	-1
1	6	10	9	8	4	3	25	-1	-1	-1
1	6	10	9	8	4	5	25	-1	-1	-1
1	6	10	9	8	7	0	2	13	-1	-1
1	6	10	9	8	7	0	4	3	25	-1
1	6	10	9	8	7	0	4	5	25	-1
1	10	6	5	25	-1	-1	-1	-1	-1	-1
1	10	6	7	0	2	13	-1	-1	-1	-1
1	10	6	7	0	4	3	25	-1	-1	-1
1	10	6	7	0	4	5	25	-1	-1	-1
1	10	6	7	0	4	8	3	25	-1	-1
1	10	6	7	0	4	9	8	3	25	-1
1	10	6	7	8	3	25	-1	-1	-1	-1
1	10	6	7	8	4	0	2	13	-1	-1
1	10	6	7	8	4	3	25	-1	-1	-1
1	10	6	7	8	4	5	25	-1	-1	-1
1	10	6	7	8	9	4	0	2	13	-1
1	10	6	7	8	9	4	3	25	-1	-1
1	10	6	7	8	9	4	5	25	-1	-1
1	10	7	0	2	13	-1	-1	-1	-1	-1
1	10	7	0	4	3	25	-1	-1	-1	-1
1	10	7	0	4	5	25	-1	-1	-1	-1
1	10	7	0	4	8	3	25	-1	-1	-1
1	10	7	0	4	9	8	3	25	-1	-1
1	10	7	6	5	25	-1	-1	-1	-1	-1
1	10	7	8	3	25	-1	-1	-1	-1	-1
1	10	7	8	4	0	2	13	-1	-1	-1
1	10	7	8	4	3	25	-1	-1	-1	-1
1	10	7	8	4	5	25	-1	-1	-1	-1
1	10	7	8	9	4	0	2	13	-1	-1
1	10	7	8	9	4	3	25	-1	-1	-1
1	10	7	8	9	4	5	25	-1	-1	-1
1	10	9	4	0	2	13	-1	-1	-1	-1
1	10	9	4	0	7	6	5	25	-1	-1
1	10	9	4	0	7	8	3	25	-1	-1
1	10	9	4	3	25	-1	-1	-1	-1	-1
1	10	9	4	5	25	-1	-1	-1	-1	-1
1	10	9	4	8	3	25	-1	-1	-1	-1
1	10	9	4	8	7	0	2	13	-1	-1
1	10	9	4	8	7	6	5	25	-1	-1
1	10	9	8	3	25	-1	-1	-1	-1	-1
1	10	9	8	4	0	2	13	-1	-1	-1
1	10	9	8	4	0	7	6	5	25	-1
1	10	9	8	4	3	25	-1	-1	-1	-1
1	10	9	8	4	5	25	-1	-1	-1	-1
1	10	9	8	7	0	2	13	-1	-1	-1
1	10	9	8	7	0	4	3	25	-1	-1
1	10	9	8	7	0	4	5	25	-1	-1
1	10	9	8	7	6	5	25	-1	-1	-1
3	4	0	11	-1	-1	-1	-1	-1	-1	-1
3	4	5	6	1	23	-1	-1	-1	-1	-1
3	4	5	6	7	0	11	-1	-1	-1	-1
3	4	5	6	7	8	9	10	1	23	-1
3	4	5	6	7	10	1	23	-1	-1	-1
3	4	5	6	10	1	23	-1	-1	-1	-1
3	4	5	6	10	7	0	11	-1	-1	-1
3	4	5	6	10	9	8	7	0	11	-1
3	4	8	7	0	11	-1	-1	-1	-1	-1
3	4	8	7	6	1	23	-1	-1	-1	-1
3	4	8	7	6	10	1	23	-1	-1	-1
3	4	8	7	10	1	23	-1	-1	-1	-1
3	4	8	7	10	6	1	23	-1	-1	-1
3	4	8	9	10	1	23	-1	-1	-1	-1
3	4	8	9	10	6	1	23	-1	-1	-1
3	4	8	9	10	6	7	0	11	-1	-1
3	4	8	9	10	7	0	11	-1	-1	-1
3	4	8	9	10	7	6	1	23	-1	-1
3	4	9	8	7	0	11	-1	-1	-1	-1
3	4	9	8	7	6	1	23	-1	-1	-1
3	4	9	8	7	6	10	1	23	-1	-1
3	4	9	8	7	10	1	23	-1	-1	-1
3	4	9	8	7	10	6	1	23	-1	-1
3	4	9	10	1	23	-1	-1	-1	-1	-1
3	4	9	10	6	1	23	-1	-1	-1	-1
3	4	9	10	6	7	0	11	-1	-1	-1
3	4	9	10	7	0	11	-1	-1	-1	-1
3	4	9	10	7	6	1	23	-1	-1	-1
3	8	4	0	11	-1	-1	-1	-1	-1	-1
3	8	4	5	6	1	23	-1	-1	-1	-1
3	8	4	5	6	7	0	11	-1	-1	-1
3	8	4	5	6	7	10	1	23	-1	-1
3	8	4	5	6	10	1	23	-1	-1	-1
3	8	4	5	6	10	7	0	11	-1	-1
3	8	4	9	10	1	23	-1	-1	-1	-1
3	8	4	9	10	6	1	23	-1	-1	-1
3	8	4	9	10	6	7	0	11	-1	-1
3	8	4	9	10	7	0	11	-1	-1	-1
3	8	4	9	10	7	6	1	23	-1	-1
3	8	7	0	11	-1	-1	-1	-1	-1	-1
3	8	7	6	1	23	-1	-1	-1	-1	-1
3	8	7	6	5	4	0	11	-1	-1	-1
3	8	7	6	5	4	9	10	1	23	-1
3	8	7	6	10	1	23	-1	-1	-1	-1
3	8	7	6	10	9	4	0	11	-1	-1
3	8	7	10	1	23	-1	-1	-1	-1	-1
3	8	7	10	6	1	23	-1	-1	-1	-1
3	8	7	10	6	5	4	0	11	-1	-1
3	8	7	10	9	4	0	11	-1	-1	-1
3	8	7	10	9	4	5	6	1	23	-1
3	8	9	4	0	11	-1	-1	-1	-1	-1
3	8	9	4	5	6	1	23	-1	-1	-1
3	8	9	4	5	6	7	0	11	-1	-1
3	8	9	4	5	6	7	10	1	23	-1
3	8	9	4	5	6	10	1	23	-1	-1
3	8	9	4	5	6	10	7	0	11	-1
3	8	9	10	1	23	-1	-1	-1	-1	-1
3	8	9	10	6	1	23	-1	-1	-1	-1
3	8	9	10	6	5	4	0	11	-1	-1
3	8	9	10	6	7	0	11	-1	-1	-1
3	8	9	10	7	0	11	-1	-1	-1	-1
3	8	9	10	7	6	1	23	-1	-1	-1
3	8	9	10	7	6	5	4	0	11	-1
4	0	2	13	-1	-1	-1	-1	-1	-1	-1
4	0	2	24	-1	-1	-1	-1	-1	-1	-1
4	0	7	6	1	10	9	8	3	25	-1
4	0	7	6	1	12	-1	-1	-1	-1	-1
4	0	7	6	5	25	-1	-1	-1	-1	-1
4	0	7	6	10	1	12	-1	-1	-1	-1
4	0	7	6	10	9	8	3	24	-1	-1
4	0	7	6	10	9	8	3	25	-1	-1
4	0	7	8	3	24	-1	-1	-1	-1	-1
4	0	7	8	3	25	-1	-1	-1	-1	-1
4	0	7	8	9	10	1	6	5	25	-1
4	0	7	8	9	10	1	12	-1	-1	-1
4	0	7	8	9	10	6	1	12	-1	-1
4	0	7	8	9	10	6	5	25	-1	-1
4	0	7	10	1	6	5	25	-1	-1	-1
4	0	7	10	1	12	-1	-1	-1	-1	-1
4	0	7	10	6	1	12	-1	-1	-1	-1
4	0	7	10	6	5	25	-1	-1	-1	-1
4	0	7	10	9	8	3	24	-1	-1	-1
4	0	7	10	9	8	3	25	-1	-1	-1
4	0	11	-1	-1	-1	-1	-1	-1	-1	-1
4	3	8	7	0	11	-1	-1	-1	-1	-1
4	3	8	7	6	1	23	-1	-1	-1	-1
4	3	8	7	6	10	1	23	-1	-1	-1
4	3	8	7	10	1	23	-1	-1	-1	-1
4	3	8	7	10	6	1	23	-1	-1	-1
4	3	8	9	10	1	23	-1	-1	-1	-1
4	3	8	9	10	6	1	23	-1	-1	-1
4	3	8	9	10	6	7	0	11	-1	-1
4	3	8	9	10	7	0	11	-1	-1	-1
4	3	8	9	10	7	6	1	23	-1	-1
4	3	24	-1	-1	-1	-1	-1	-1	-1	-1
4	3	25	-1	-1	-1	-1	-1	-1	-1	-1
4	5	6	1	12	-1	-1	-1	-1	-1	-1
4	5	6	1	23	-1	-1	-1	-1	-1	-1
4	5	6	7	0	2	24	-1	-1	-1	-1
4	5	6	7	0	11	-1	-1	-1	-1	-1
4	5	6	7	8	3	24	-1	-1	-1	-1
4	5	6	7	8	9	10	1	12	-1	-1
4	5	6	7	8	9	10	1	23	-1	-1
4	5	6	7	10	1	12	-1	-1	-1	-1
4	5	6	7	10	1	23	-1	-1	-1	-1
4	5	6	7	10	9	8	3	24	-1	-1
4	5	6	10	1	12	-1	-1	-1	-1	-1
4	5	6	10	1	23	-1	-1	-1	-1	-1
4	5	6	10	7	0	2	24	-1	-1	-1
4	5	6	10	7	0	11	-1	-1	-1	-1
4	5	6	10	7	8	3	24	-1	-1	-1
4	5	6	10	9	8	3	24	-1	-1	-1
4	5	6	10	9	8	7	0	2	24	-1
4	5	6	10	9	8	7	0	11	-1	-1
4	5	25	-1	-1	-1	-1	-1	-1	-1	-1
4	8	3	24	-1	-1	-1	-1	-1	-1	-1
4	8	3	25	-1	-1	-1	-1	-1	-1	-1
4	8	7	0	2	13	-1	-1	-1	-1	-1
4	8	7	0	2	24	-1	-1	-1	-1	-1
4	8	7	0	11	-1	-1	-1	-1	-1	-1
4	8	7	6	1	12	-1	-1	-1	-1	-1
4	8	7	6	1	23	-1	-1	-1	-1	-1
4	8	7	6	5	25	-1	-1	-1	-1	-1
4	8	7	6	10	1	12	-1	-1	-1	-1
4	8	7	6	10	1	23	-1	-1	-1	-1
4	8	7	10	1	6	5	25	-1	-1	-1
4	8	7	10	1	12	-1	-1	-1	-1	-1
4	8	7	10	1	23	-1	-1	-1	-1	-1
4	8	7	10	6	1	12	-1	-1	-1	-1
4	8	7	10	6	1	23	-1	-1	-1	-1
4	8	7	10	6	5	25	-1	-1	-1	-1
4	8	9	10	1	6	5	25	-1	-1	-1
4	8	9	10	1	6	7	0	2	13	-1
4	8	9	10	1	12	-1	-1	-1	-1	-1
4	8	9	10	1	23	-1	-1	-1	-1	-1
4	8	9	10	6	1	12	-1	-1	-1	-1
4	8	9	10	6	1	23	-1	-1	-1	-1
4	8	9	10	6	5	25	-1	-1	-1	-1
4	8	9	10	6	7	0	2	13	-1	-1
4	8	9	10	6	7	0	2	24	-1	-1
4	8	9	10	6	7	0	11	-1	-1	-1
4	8	9	10	7	0	2	13	-1	-1	-1
4	8	9	10	7	0	2	24	-1	-1	-1
4	8	9	10	7	0	11	-1	-1	-1	-1
4	8	9	10	7	6	1	12	-1	-1	-1
4	8	9	10	7	6	1	23	-1	-1	-1
4	8	9	10	7	6	5	25	-1	-1	-1
4	9	8	3	24	-1	-1	-1	-1	-1	-1
4	9	8	3	25	-1	-1	-1	-1	-1	-1
4	9	8	7	0	2	13	-1	-1	-1	-1
4	9	8	7	0	2	24	-1	-1	-1	-1
4	9	8	7	0	11	-1	-1	-1	-1	-1
4	9	8	7	6	1	12	-1	-1	-1	-1
4	9	8	7	6	1	23	-1	-1	-1	-1
4	9	8	7	6	5	25	-1	-1	-1	-1
4	9	8	7	6	10	1	12	-1	-1	-1
4	9	8	7	6	10	1	23	-1	-1	-1
4	9	8	7	10	1	6	5	25	-1	-1
4	9	8	7	10	1	12	-1	-1	-1	-1
4	9	8	7	10	1	23	-1	-1	-1	-1
4	9	8	7	10	6	1	12	-1	-1	-1
4	9	8	7	10	6	1	23	-1	-1	-1
4	9	8	7	10	6	5	25	-1	-1	-1
4	9	10	1	6	5	25	-1	-1	-1	-1
4	9	10	1	6	7	0	2	13	-1	-1
4	9	10	1	6	7	8	3	25	-1	-1
4	9	10	1	12	-1	-1	-1	-1	-1	-1
4	9	10	1	23	-1	-1	-1	-1	-1	-1
4	9	10	6	1	12	-1	-1	-1	-1	-1
4	9	10	6	1	23	-1	-1	-1	-1	-1
4	9	10	6	5	25	-1	-1	-1	-1	-1
4	9	10	6	7	0	2	13	-1	-1	-1
4	9	10	6	7	0	2	24	-1	-1	-1
4	9	10	6	7	0	11	-1	-1	-1	-1
4	9	10	6	7	8	3	24	-1	-1	-1
4	9	10	6	7	8	3	25	-1	-1	-1
4	9	10	7	0	2	13	-1	-1	-1	-1
4	9	10	7	0	2	24	-1	-1	-1	-1
4	9	10	7	0	11	-1	-1	-1	-1	-1
4	9	10	7	6	1	12	-1	-1	-1	-1
4	9	10	7	6	1	23	-1	-1	-1	-1
4	9	10	7	6	5	25	-1	-1	-1	-1
4	9	10	7	8	3	24	-1	-1	-1	-1
4	9	10	7	8	3	25	-1	-1	-1	-1
5	4	0	2	24	-1	-1	-1	-1	-1	-1
5	4	0	7	6	1	12	-1	-1	-1	-1
5	4	0	7	6	10	1	12	-1	-1	-1
5	4	0	7	6	10	9	8	3	24	-1
5	4	0	7	8	3	24	-1	-1	-1	-1
5	4	0	7	8	9	10	1	12	-1	-1
5	4	0	7	8	9	10	6	1	12	-1
5	4	0	7	10	1	12	-1	-1	-1	-1
5	4	0	7	10	6	1	12	-1	-1	-1
5	4	0	7	10	9	8	3	24	-1	-1
5	4	0	11	-1	-1	-1	-1	-1	-1	-1
5	4	3	8	7	0	11	-1	-1	-1	-1
5	4	3	8	7	6	1	23	-1	-1	-1
5	4	3	8	7	6	10	1	23	-1	-1
5	4	3	8	7	10	1	23	-1	-1	-1
5	4	3	8	7	10	6	1	23	-1	-1
5	4	3	8	9	10	1	23	-1	-1	-1
5	4	3	8	9	10	6	1	23	-1	-1
5	4	3	8	9	10	6	7	0	11	-1
5	4	3	8	9	10	7	0	11	-1	-1
5	4	3	8	9	10	7	6	1	23	-1
5	4	3	24	-1	-1	-1	-1	-1	-1	-1
5	4	8	3	24	-1	-1	-1	-1	-1	-1
5	4	8	7	0	2	24	-1	-1	-1	-1
5	4	8	7	0	11	-1	-1	-1	-1	-1
5	4	8	7	6	1	12	-1	-1	-1	-1
5	4	8	7	6	1	23	-1	-1	-1	-1
5	4	8	7	6	10	1	12	-1	-1	-1
5	4	8	7	6	10	1	23	-1	-1	-1
5	4	8	7	10	1	12	-1	-1	-1	-1
5	4	8	7	10	1	23	-1	-1	-1	-1
5	4	8	7	10	6	1	12	-1	-1	-1
5	4	8	7	10	6	1	23	-1	-1	-1
5	4	8	9	10	1	12	-1	-1	-1	-1
5	4	8	9	10	1	23	-1	-1	-1	-1
5	4	8	9	10	6	1	12	-1	-1	-1
5	4	8	9	10	6	1	23	-1	-1	-1
5	4	8	9	10	6	7	0	2	24	-1
5	4	8	9	10	6	7	0	11	-1	-1
5	4	8	9	10	7	0	2	24	-1	-1
5	4	8	9	10	7	0	11	-1	-1	-1
5	4	8	9	10	7	6	1	12	-1	-1
5	4	8	9	10	7	6	1	23	-1	-1
5	4	9	8	3	24	-1	-1	-1	-1	-1
5	4	9	8	7	0	2	24	-1	-1	-1
5	4	9	8	7	0	11	-1	-1	-1	-1
5	4	9	8	7	6	1	12	-1	-1	-1
5	4	9	8	7	6	1	23	-1	-1	-1
5	4	9	8	7	6	10	1	12	-1	-1
5	4	9	8	7	6	10	1	23	-1	-1
5	4	9	8	7	10	1	12	-1	-1	-1
5	4	9	8	7	10	1	23	-1	-1	-1
5	4	9	8	7	10	6	1	12	-1	-1
5	4	9	8	7	10	6	1	23	-1	-1
5	4	9	10	1	12	-1	-1	-1	-1	-1
5	4	9	10	1	23	-1	-1	-1	-1	-1
5	4	9	10	6	1	12	-1	-1	-1	-1
5	4	9	10	6	1	23	-1	-1	-1	-1
5	4	9	10	6	7	0	2	24	-1	-1
5	4	9	10	6	7	0	11	-1	-1	-1
5	4	9	10	6	7	8	3	24	-1	-1
5	4	9	10	7	0	2	24	-1	-1	-1
5	4	9	10	7	0	11	-1	-1	-1	-1
5	4	9	10	7	6	1	12	-1	-1	-1
5	4	9	10	7	6	1	23	-1	-1	-1
5	4	9	10	7	8	3	24	-1	-1	-1
5	6	1	12	-1	-1	-1	-1	-1	-1	-1
5	6	1	23	-1	-1	-1	-1	-1	-1	-1
5	6	7	0	2	24	-1	-1	-1	-1	-1
5	6	7	0	4	3	24	-1	-1	-1	-1
5	6	7	0	4	8	3	24	-1	-1	-1
5	6	7	0	4	8	9	10	1	12	-1
5	6	7	0	4	9	8	3	24	-1	-1
5	6	7	0	4	9	10	1	12	-1	-1
5	6	7	0	11	-1	-1	-1	-1	-1	-1
5	6	7	8	3	4	0	11	-1	-1	-1
5	6	7	8	3	4	9	10	1	23	-1
5	6	7	8	3	24	-1	-1	-1	-1	-1
5	6	7	8	4	0	2	24	-1	-1	-1
5	6	7	8	4	0	11	-1	-1	-1	-1
5	6	7	8	4	3	24	-1	-1	-1	-1
5	6	7	8	4	9	10	1	12	-1	-1
5	6	7	8	4	9	10	1	23	-1	-1
5	6	7	8	9	4	0	2	24	-1	-1
5	6	7	8	9	4	0	11	-1	-1	-1
5	6	7	8	9	4	3	24	-1	-1	-1
5	6	7	8	9	10	1	12	-1	-1	-1
5	6	7	8	9	10	1	23	-1	-1	-1
5	6	7	10	1	12	-1	-1	-1	-1	-1
5	6	7	10	1	23	-1	-1	-1	-1	-1
5	6	7	10	9	4	0	2	24	-1	-1
5	6	7	10	9	4	0	11	-1	-1	-1
5	6	7	10	9	4	3	24	-1	-1	-1
5	6	7	10	9	4	8	3	24	-1	-1
5	6	7	10	9	8	3	4	0	11	-1
5	6	7	10	9	8	3	24	-1	-1	-1
5	6	7	10	9	8	4	0	2	24	-1
5	6	7	10	9	8	4	0	11	-1	-1
5	6	7	10	9	8	4	3	24	-1	-1
5	6	10	1	12	-1	-1	-1	-1	-1	-1
5	6	10	1	23	-1	-1	-1	-1	-1	-1
5	6	10	7	0	2	24	-1	-1	-1	-1
5	6	10	7	0	4	3	24	-1	-1	-1
5	6	10	7	0	4	8	3	24	-1	-1
5	6	10	7	0	4	9	8	3	24	-1
5	6	10	7	0	11	-1	-1	-1	-1	-1
5	6	10	7	8	3	4	0	11	-1	-1
5	6	10	7	8	3	24	-1	-1	-1	-1
5	6	10	7	8	4	0	2	24	-1	-1
5	6	10	7	8	4	0	11	-1	-1	-1
5	6	10	7	8	4	3	24	-1	-1	-1
5	6	10	7	8	9	4	0	2	24	-1
5	6	10	7	8	9	4	0	11	-1	-1
5	6	10	7	8	9	4	3	24	-1	-1
5	6	10	9	4	0	2	24	-1	-1	-1
5	6	10	9	4	0	7	8	3	24	-1
5	6	10	9	4	0	11	-1	-1	-1	-1
5	6	10	9	4	3	8	7	0	11	-1
5	6	10	9	4	3	24	-1	-1	-1	-1
5	6	10	9	4	8	3	24	-1	-1	-1
5	6	10	9	4	8	7	0	2	24	-1
5	6	10	9	4	8	7	0	11	-1	-1
5	6	10	9	8	3	4	0	11	-1	-1
5	6	10	9	8	3	24	-1	-1	-1	-1
5	6	10	9	8	4	0	2	24	-1	-1
5	6	10	9	8	4	0	11	-1	-1	-1
5	6	10	9	8	4	3	24	-1	-1	-1
5	6	10	9	8	7	0	2	24	-1	-1
5	6	10	9	8	7	0	4	3	24	-1
5	6	10	9	8	7	0	11	-1	-1	-1
6	1	10	7	0	2	13	-1	-1	-1	-1
6	1	10	7	0	4	3	25	-1	-1	-1
6	1	10	7	0	4	5	25	-1	-1	-1
6	1	10	7	0	4	8	3	25	-1	-1
6	1	10	7	0	4	9	8	3	25	-1
6	1	10	7	8	3	25	-1	-1	-1	-1
6	1	10	7	8	4	0	2	13	-1	-1
6	1	10	7	8	4	3	25	-1	-1	-1
6	1	10	7	8	4	5	25	-1	-1	-1
6	1	10	7	8	9	4	0	2	13	-1
6	1	10	7	8	9	4	3	25	-1	-1
6	1	10	7	8	9	4	5	25	-1	-1
6	1	10	9	4	0	2	13	-1	-1	-1
6	1	10	9	4	0	7	8	3	25	-1
6	1	10	9	4	3	25	-1	-1	-1	-1
6	1	10	9	4	5	25	-1	-1	-1	-1
6	1	10	9	4	8	3	25	-1	-1	-1
6	1	10	9	4	8	7	0	2	13	-1
6	1	10	9	8	3	25	-1	-1	-1	-1
6	1	10	9	8	4	0	2	13	-1	-1
6	1	10	9	8	4	3	25	-1	-1	-1
6	1	10	9	8	4	5	25	-1	-1	-1
6	1	10	9	8	7	0	2	13	-1	-1
6	1	10	9	8	7	0	4	3	25	-1
6	1	10	9	8	7	0	4	5	25	-1
6	1	12	-1	-1	-1	-1	-1	-1	-1	-1
6	1	23	-1	-1	-1	-1	-1	-1	-1	-1
6	5	4	0	2	24	-1	-1	-1	-1	-1
6	5	4	0	7	8	3	24	-1	-1	-1
6	5	4	0	7	8	9	10	1	12	-1
6	5	4	0	7	10	1	12	-1	-1	-1
6	5	4	0	7	10	9	8	3	24	-1
6	5	4	0	11	-1	-1	-1	-1	-1	-1
6	5	4	3	8	7	0	11	-1	-1	-1
6	5	4	3	8	7	10	1	23	-1	-1
6	5	4	3	8	9	10	1	23	-1	-1
6	5	4	3	8	9	10	7	0	11	-1
6	5	4	3	24	-1	-1	-1	-1	-1	-1
6	5	4	8	3	24	-1	-1	-1	-1	-1
6	5	4	8	7	0	2	24	-1	-1	-1
6	5	4	8	7	0	11	-1	-1	-1	-1
6	5	4	8	7	10	1	12	-1	-1	-1
6	5	4	8	7	10	1	23	-1	-1	-1
6	5	4	8	9	10	1	12	-1	-1	-1
6	5	4	8	9	10	1	23	-1	-1	-1
6	5	4	8	9	10	7	0	2	24	-1
6	5	4	8	9	10	7	0	11	-1	-1
6	5	4	9	8	3	24	-1	-1	-1	-1
6	5	4	9	8	7	0	2	24	-1	-1
6	5	4	9	8	7	0	11	-1	-1	-1
6	5	4	9	8	7	10	1	12	-1	-1
6	5	4	9	8	7	10	1	23	-1	-1
6	5	4	9	10	1	12	-1	-1	-1	-1
6	5	4	9	10	1	23	-1	-1	-1	-1
6	5	4	9	10	7	0	2	24	-1	-1
6	5	4	9	10	7	0	11	-1	-1	-1
6	5	4	9	10	7	8	3	24	-1	-1
6	5	25	-1	-1	-1	-1	-1	-1	-1	-1
6	7	0	2	13	-1	-1	-1	-1	-1	-1
6	7	0	2	24	-1	-1	-1	-1	-1	-1
6	7	0	4	3	24	-1	-1	-1	-1	-1
6	7	0	4	3	25	-1	-1	-1	-1	-1
6	7	0	4	5	25	-1	-1	-1	-1	-1
6	7	0	4	8	3	24	-1	-1	-1	-1
6	7	0	4	8	3	25	-1	-1	-1	-1
6	7	0	4	8	9	10	1	12	-1	-1
6	7	0	4	9	8	3	24	-1	-1	-1
6	7	0	4	9	8	3	25	-1	-1	-1
6	7	0	4	9	10	1	12	-1	-1	-1
6	7	0	11	-1	-1	-1	-1	-1	-1	-1
6	7	8	3	4	0	11	-1	-1	-1	-1
6	7	8	3	4	9	10	1	23	-1	-1
6	7	8	3	24	-1	-1	-1	-1	-1	-1
6	7	8	3	25	-1	-1	-1	-1	-1	-1
6	7	8	4	0	2	13	-1	-1	-1	-1
6	7	8	4	0	2	24	-1	-1	-1	-1
6	7	8	4	0	11	-1	-1	-1	-1	-1
6	7	8	4	3	24	-1	-1	-1	-1	-1
6	7	8	4	3	25	-1	-1	-1	-1	-1
6	7	8	4	5	25	-1	-1	-1	-1	-1
6	7	8	4	9	10	1	12	-1	-1	-1
6	7	8	4	9	10	1	23	-1	-1	-1
6	7	8	9	4	0	2	13	-1	-1	-1
6	7	8	9	4	0	2	24	-1	-1	-1
6	7	8	9	4	0	11	-1	-1	-1	-1
6	7	8	9	4	3	24	-1	-1	-1	-1
6	7	8	9	4	3	25	-1	-1	-1	-1
6	7	8	9	4	5	25	-1	-1	-1	-1
6	7	8	9	10	1	12	-1	-1	-1	-1
6	7	8	9	10	1	23	-1	-1	-1	-1
6	7	10	1	12	-1	-1	-1	-1	-1	-1
6	7	10	1	23	-1	-1	-1	-1	-1	-1
6	7	10	9	4	0	2	13	-1	-1	-1
6	7	10	9	4	0	2	24	-1	-1	-1
6	7	10	9	4	0	11	-1	-1	-1	-1
6	7	10	9	4	3	24	-1	-1	-1	-1
6	7	10	9	4	3	25	-1	-1	-1	-1
6	7	10	9	4	5	25	-1	-1	-1	-1
6	7	10	9	4	8	3	24	-1	-1	-1
6	7	10	9	4	8	3	25	-1	-1	-1
6	7	10	9	8	3	4	0	11	-1	-1
6	7	10	9	8	3	24	-1	-1	-1	-1
6	7	10	9	8	3	25	-1	-1	-1	-1
6	7	10	9	8	4	0	2	13	-1	-1
6	7	10	9	8	4	0	2	24	-1	-1
6	7	10	9	8	4	0	11	-1	-1	-1
6	7	10	9	8	4	3	24	-1	-1	-1
6	7	10	9	8	4	3	25	-1	-1	-1
6	7	10	9	8	4	5	25	-1	-1	-1
6	10	1	12	-1	-1	-1	-1	-1	-1	-1
6	10	1	23	-1	-1	-1	-1	-1	-1	-1
6	10	7	0	2	13	-1	-1	-1	-1	-1
6	10	7	0	2	24	-1	-1	-1	-1	-1
6	10	7	0	4	3	24	-1	-1	-1	-1
6	10	7	0	4	3	25	-1	-1	-1	-1
6	10	7	0	4	5	25	-1	-1	-1	-1
6	10	7	0	4	8	3	24	-1	-1	-1
6	10	7	0	4	8	3	25	-1	-1	-1
6	10	7	0	4	9	8	3	24	-1	-1
6	10	7	0	4	9	8	3	25	-1	-1
6	10	7	0	11	-1	-1	-1	-1	-1	-1
6	10	7	8	3	4	0	11	-1	-1	-1
6	10	7	8	3	24	-1	-1	-1	-1	-1
6	10	7	8	3	25	-1	-1	-1	-1	-1
6	10	7	8	4	0	2	13	-1	-1	-1
6	10	7	8	4	0	2	24	-1	-1	-1
6	10	7	8	4	0	11	-1	-1	-1	-1
6	10	7	8	4	3	24	-1	-1	-1	-1
6	10	7	8	4	3	25	-1	-1	-1	-1
6	10	7	8	4	5	25	-1	-1	-1	-1
6	10	7	8	9	4	0	2	13	-1	-1
6	10	7	8	9	4	0	2	24	-1	-1
6	10	7	8	9	4	0	11	-1	-1	-1
6	10	7	8	9	4	3	24	-1	-1	-1
6	10	7	8	9	4	3	25	-1	-1	-1
6	10	7	8	9	4	5	25	-1	-1	-1
6	10	9	4	0	2	13	-1	-1	-1	-1
6	10	9	4	0	2	24	-1	-1	-1	-1
6	10	9	4	0	7	8	3	24	-1	-1
6	10	9	4	0	7	8	3	25	-1	-1
6	10	9	4	0	11	-1	-1	-1	-1	-1
6	10	9	4	3	8	7	0	11	-1	-1
6	10	9	4	3	24	-1	-1	-1	-1	-1
6	10	9	4	3	25	-1	-1	-1	-1	-1
6	10	9	4	5	25	-1	-1	-1	-1	-1
6	10	9	4	8	3	24	-1	-1	-1	-1
6	10	9	4	8	3	25	-1	-1	-1	-1
6	10	9	4	8	7	0	2	13	-1	-1
6	10	9	4	8	7	0	2	24	-1	-1
6	10	9	4	8	7	0	11	-1	-1	-1
6	10	9	8	3	4	0	11	-1	-1	-1
6	10	9	8	3	24	-1	-1	-1	-1	-1
6	10	9	8	3	25	-1	-1	-1	-1	-1
6	10	9	8	4	0	2	13	-1	-1	-1
6	10	9	8	4	0	2	24	-1	-1	-1
6	10	9	8	4	0	11	-1	-1	-1	-1
6	10	9	8	4	3	24	-1	-1	-1	-1
6	10	9	8	4	3	25	-1	-1	-1	-1
6	10	9	8	4	5	25	-1	-1	-1	-1
6	10	9	8	7	0	2	13	-1	-1	-1
6	10	9	8	7	0	2	24	-1	-1	-1
6	10	9	8	7	0	4	3	24	-1	-1
6	10	9	8	7	0	4	3	25	-1	-1
6	10	9	8	7	0	4	5	25	-1	-1
6	10	9	8	7	0	11	-1	-1	-1	-1
7	0	2	13	-1	-1	-1	-1	-1	-1	-1
7	0	2	24	-1	-1	-1	-1	-1	-1	-1
7	0	4	3	24	-1	-1	-1	-1	-1	-1
7	0	4	3	25	-1	-1	-1	-1	-1	-1
7	0	4	5	6	1	12	-1	-1	-1	-1
7	0	4	5	6	10	1	12	-1	-1	-1
7	0	4	5	6	10	9	8	3	24	-1
7	0	4	5	25	-1	-1	-1	-1	-1	-1
7	0	4	8	3	24	-1	-1	-1	-1	-1
7	0	4	8	3	25	-1	-1	-1	-1	-1
7	0	4	8	9	10	1	6	5	25	-1
7	0	4	8	9	10	1	12	-1	-1	-1
7	0	4	8	9	10	6	1	12	-1	-1
7	0	4	8	9	10	6	5	25	-1	-1
7	0	4	9	8	3	24	-1	-1	-1	-1
7	0	4	9	8	3	25	-1	-1	-1	-1
7	0	4	9	10	1	6	5	25	-1	-1
7	0	4	9	10	1	12	-1	-1	-1	-1
7	0	4	9	10	6	1	12	-1	-1	-1
7	0	4	9	10	6	5	25	-1	-1	-1
7	0	11	-1	-1	-1	-1	-1	-1	-1	-1
7	6	1	10	9	4	0	2	13	-1	-1
7	6	1	10	9	4	3	25	-1	-1	-1
7	6	1	10	9	4	5	25	-1	-1	-1
7	6	1	10	9	4	8	3	25	-1	-1
7	6	1	10	9	8	3	25	-1	-1	-1
7	6	1	10	9	8	4	0	2	13	-1
7	6	1	10	9	8	4	3	25	-1	-1
7	6	1	10	9	8	4	5	25	-1	-1
7	6	1	12	-1	-1	-1	-1	-1	-1	-1
7	6	1	23	-1	-1	-1	-1	-1	-1	-1
7	6	5	4	0	2	24	-1	-1	-1	-1
7	6	5	4	0	11	-1	-1	-1	-1	-1
7	6	5	4	3	8	9	10	1	23	-1
7	6	5	4	3	24	-1	-1	-1	-1	-1
7	6	5	4	8	3	24	-1	-1	-1	-1
7	6	5	4	8	9	10	1	12	-1	-1
7	6	5	4	8	9	10	1	23	-1	-1
7	6	5	4	9	8	3	24	-1	-1	-1
7	6	5	4	9	10	1	12	-1	-1	-1
7	6	5	4	9	10	1	23	-1	-1	-1
7	6	5	25	-1	-1	-1	-1	-1	-1	-1
7	6	10	1	12	-1	-1	-1	-1	-1	-1
7	6	10	1	23	-1	-1	-1	-1	-1	-1
7	6	10	9	4	0	2	13	-1	-1	-1
7	6	10	9	4	0	2	24	-1	-1	-1
7	6	10	9	4	0	11	-1	-1	-1	-1
7	6	10	9	4	3	24	-1	-1	-1	-1
7	6	10	9	4	3	25	-1	-1	-1	-1
7	6	10	9	4	5	25	-1	-1	-1	-1
7	6	10	9	4	8	3	24	-1	-1	-1
7	6	10	9	4	8	3	25	-1	-1	-1
7	6	10	9	8	3	4	0	11	-1	-1
7	6	10	9	8	3	24	-1	-1	-1	-1
7	6	10	9	8	3	25	-1	-1	-1	-1
7	6	10	9	8	4	0	2	13	-1	-1
7	6	10	9	8	4	0	2	24	-1	-1
7	6	10	9	8	4	0	11	-1	-1	-1
7	6	10	9	8	4	3	24	-1	-1	-1
7	6	10	9	8	4	3	25	-1	-1	-1
7	6	10	9	8	4	5	25	-1	-1	-1
7	8	3	4	0	11	-1	-1	-1	-1	-1
7	8	3	4	5	6	1	23	-1	-1	-1
7	8	3	4	5	6	10	1	23	-1	-1
7	8	3	4	9	10	1	23	-1	-1	-1
7	8	3	4	9	10	6	1	23	-1	-1
7	8	3	24	-1	-1	-1	-1	-1	-1	-1
7	8	3	25	-1	-1	-1	-1	-1	-1	-1
7	8	4	0	2	13	-1	-1	-1	-1	-1
7	8	4	0	2	24	-1	-1	-1	-1	-1
7	8	4	0	11	-1	-1	-1	-1	-1	-1
7	8	4	3	24	-1	-1	-1	-1	-1	-1
7	8	4	3	25	-1	-1	-1	-1	-1	-1
7	8	4	5	6	1	12	-1	-1	-1	-1
7	8	4	5	6	1	23	-1	-1	-1	-1
7	8	4	5	6	10	1	12	-1	-1	-1
7	8	4	5	6	10	1	23	-1	-1	-1
7	8	4	5	25	-1	-1	-1	-1	-1	-1
7	8	4	9	10	1	6	5	25	-1	-1
7	8	4	9	10	1	12	-1	-1	-1	-1
7	8	4	9	10	1	23	-1	-1	-1	-1
7	8	4	9	10	6	1	12	-1	-1	-1
7	8	4	9	10	6	1	23	-1	-1	-1
7	8	4	9	10	6	5	25	-1	-1	-1
7	8	9	4	0	2	13	-1	-1	-1	-1
7	8	9	4	0	2	24	-1	-1	-1	-1
7	8	9	4	0	11	-1	-1	-1	-1	-1
7	8	9	4	3	24	-1	-1	-1	-1	-1
7	8	9	4	3	25	-1	-1	-1	-1	-1
7	8	9	4	5	6	1	12	-1	-1	-1
7	8	9	4	5	6	1	23	-1	-1	-1
7	8	9	4	5	6	10	1	12	-1	-1
7	8	9	4	5	6	10	1	23	-1	-1
7	8	9	4	5	25	-1	-1	-1	-1	-1
7	8	9	10	1	6	5	25	-1	-1	-1
7	8	9	10	1	12	-1	-1	-1	-1	-1
7	8	9	10	1	23	-1	-1	-1	-1	-1
7	8	9	10	6	1	12	-1	-1	-1	-1
7	8	9	10	6	1	23	-1	-1	-1	-1
7	8	9	10	6	5	4	0	2	24	-1
7	8	9	10	6	5	4	0	11	-1	-1
7	8	9	10	6	5	4	3	24	-1	-1
7	8	9	10	6	5	25	-1	-1	-1	-1
7	10	1	6	5	25	-1	-1	-1	-1	-1
7	10	1	12	-1	-1	-1	-1	-1	-1	-1
7	10	1	23	-1	-1	-1	-1	-1	-1	-1
7	10	6	1	12	-1	-1	-1	-1	-1	-1
7	10	6	1	23	-1	-1	-1	-1	-1	-1
7	10	6	5	4	0	2	24	-1	-1	-1
7	10	6	5	4	0	11	-1	-1	-1	-1
7	10	6	5	4	3	24	-1	-1	-1	-1
7	10	6	5	4	8	3	24	-1	-1	-1
7	10	6	5	4	9	8	3	24	-1	-1
7	10	6	5	25	-1	-1	-1	-1	-1	-1
7	10	9	4	0	2	13	-1	-1	-1	-1
7	10	9	4	0	2	24	-1	-1	-1	-1
7	10	9	4	0	11	-1	-1	-1	-1	-1
7	10	9	4	3	24	-1	-1	-1	-1	-1
7	10	9	4	3	25	-1	-1	-1	-1	-1
7	10	9	4	5	6	1	12	-1	-1	-1
7	10	9	4	5	6	1	23	-1	-1	-1
7	10	9	4	5	25	-1	-1	-1	-1	-1
7	10	9	4	8	3	24	-1	-1	-1	-1
7	10	9	4	8	3	25	-1	-1	-1	-1
7	10	9	8	3	4	0	11	-1	-1	-1
7	10	9	8	3	4	5	6	1	23	-1
7	10	9	8	3	24	-1	-1	-1	-1	-1
7	10	9	8	3	25	-1	-1	-1	-1	-1
7	10	9	8	4	0	2	13	-1	-1	-1
7	10	9	8	4	0	2	24	-1	-1	-1
7	10	9	8	4	0	11	-1	-1	-1	-1
7	10	9	8	4	3	24	-1	-1	-1	-1
7	10	9	8	4	3	25	-1	-1	-1	-1
7	10	9	8	4	5	6	1	12	-1	-1
7	10	9	8	4	5	6	1	23	-1	-1
7	10	9	8	4	5	25	-1	-1	-1	-1
8	3	4	0	11	-1	-1	-1	-1	-1	-1
8	3	4	5	6	1	23	-1	-1	-1	-1
8	3	4	5	6	7	0	11	-1	-1	-1
8	3	4	5	6	7	10	1	23	-1	-1
8	3	4	5	6	10	1	23	-1	-1	-1
8	3	4	5	6	10	7	0	11	-1	-1
8	3	4	9	10	1	23	-1	-1	-1	-1
8	3	4	9	10	6	1	23	-1	-1	-1
8	3	4	9	10	6	7	0	11	-1	-1
8	3	4	9	10	7	0	11	-1	-1	-1
8	3	4	9	10	7	6	1	23	-1	-1
8	3	24	-1	-1	-1	-1	-1	-1	-1	-1
8	3	25	-1	-1	-1	-1	-1	-1	-1	-1
8	4	0	2	13	-1	-1	-1	-1	-1	-1
8	4	0	2	24	-1	-1	-1	-1	-1	-1
8	4	0	7	6	1	12	-1	-1	-1	-1
8	4	0	7	6	5	25	-1	-1	-1	-1
8	4	0	7	6	10	1	12	-1	-1	-1
8	4	0	7	10	1	6	5	25	-1	-1
8	4	0	7	10	1	12	-1	-1	-1	-1
8	4	0	7	10	6	1	12	-1	-1	-1
8	4	0	7	10	6	5	25	-1	-1	-1
8	4	0	11	-1	-1	-1	-1	-1	-1	-1
8	4	3	24	-1	-1	-1	-1	-1	-1	-1
8	4	3	25	-1	-1	-1	-1	-1	-1	-1
8	4	5	6	1	12	-1	-1	-1	-1	-1
8	4	5	6	1	23	-1	-1	-1	-1	-1
8	4	5	6	7	0	2	24	-1	-1	-1
8	4	5	6	7	0	11	-1	-1	-1	-1
8	4	5	6	7	10	1	12	-1	-1	-1
8	4	5	6	7	10	1	23	-1	-1	-1
8	4	5	6	10	1	12	-1	-1	-1	-1
8	4	5	6	10	1	23	-1	-1	-1	-1
8	4	5	6	10	7	0	2	24	-1	-1
8	4	5	6	10	7	0	11	-1	-1	-1
8	4	5	25	-1	-1	-1	-1	-1	-1	-1
8	4	9	10	1	6	5	25	-1	-1	-1
8	4	9	10	1	6	7	0	2	13	-1
8	4	9	10	1	12	-1	-1	-1	-1	-1
8	4	9	10	1	23	-1	-1	-1	-1	-1
8	4	9	10	6	1	12	-1	-1	-1	-1
8	4	9	10	6	1	23	-1	-1	-1	-1
8	4	9	10	6	5	25	-1	-1	-1	-1
8	4	9	10	6	7	0	2	13	-1	-1
8	4	9	10	6	7	0	2	24	-1	-1
8	4	9	10	6	7	0	11	-1	-1	-1
8	4	9	10	7	0	2	13	-1	-1	-1
8	4	9	10	7	0	2	24	-1	-1	-1
8	4	9	10	7	0	11	-1	-1	-1	-1
8	4	9	10	7	6	1	12	-1	-1	-1
8	4	9	10	7	6	1	23	-1	-1	-1
8	4	9	10	7	6	5	25	-1	-1	-1
8	7	0	2	13	-1	-1	-1	-1	-1	-1
8	7	0	2	24	-1	-1	-1	-1	-1	-1
8	7	0	4	3	24	-1	-1	-1	-1	-1
8	7	0	4	3	25	-1	-1	-1	-1	-1
8	7	0	4	5	6	1	12	-1	-1	-1
8	7	0	4	5	6	10	1	12	-1	-1
8	7	0	4	5	25	-1	-1	-1	-1	-1
8	7	0	4	9	10	1	6	5	25	-1
8	7	0	4	9	10	1	12	-1	-1	-1
8	7	0	4	9	10	6	1	12	-1	-1
8	7	0	4	9	10	6	5	25	-1	-1
8	7	0	11	-1	-1	-1	-1	-1	-1	-1
8	7	6	1	10	9	4	0	2	13	-1
8	7	6	1	10	9	4	3	25	-1	-1
8	7	6	1	10	9	4	5	25	-1	-1
8	7	6	1	12	-1	-1	-1	-1	-1	-1
8	7	6	1	23	-1	-1	-1	-1	-1	-1
8	7	6	5	4	0	2	24	-1	-1	-1
8	7	6	5	4	0	11	-1	-1	-1	-1
8	7	6	5	4	3	24	-1	-1	-1	-1
8	7	6	5	4	9	10	1	12	-1	-1
8	7	6	5	4	9	10	1	23	-1	-1
8	7	6	5	25	-1	-1	-1	-1	-1	-1
8	7	6	10	1	12	-1	-1	-1	-1	-1
8	7	6	10	1	23	-1	-1	-1	-1	-1
8	7	6	10	9	4	0	2	13	-1	-1
8	7	6	10	9	4	0	2	24	-1	-1
8	7	6	10	9	4	0	11	-1	-1	-1
8	7	6	10	9	4	3	24	-1	-1	-1
8	7	6	10	9	4	3	25	-1	-1	-1
8	7	6	10	9	4	5	25	-1	-1	-1
8	7	10	1	6	5	25	-1	-1	-1	-1
8	7	10	1	12	-1	-1	-1	-1	-1	-1
8	7	10	1	23	-1	-1	-1	-1	-1	-1
8	7	10	6	1	12	-1	-1	-1	-1	-1
8	7	10	6	1	23	-1	-1	-1	-1	-1
8	7	10	6	5	4	0	2	24	-1	-1
8	7	10	6	5	4	0	11	-1	-1	-1
8	7	10	6	5	4	3	24	-1	-1	-1
8	7	10	6	5	25	-1	-1	-1	-1	-1
8	7	10	9	4	0	2	13	-1	-1	-1
8	7	10	9	4	0	2	24	-1	-1	-1
8	7	10	9	4	0	11	-1	-1	-1	-1
8	7	10	9	4	3	24	-1	-1	-1	-1
8	7	10	9	4	3	25	-1	-1	-1	-1
8	7	10	9	4	5	6	1	12	-1	-1
8	7	10	9	4	5	6	1	23	-1	-1
8	7	10	9	4	5	25	-1	-1	-1	-1
8	9	4	0	2	13	-1	-1	-1	-1	-1
8	9	4	0	2	24	-1	-1	-1	-1	-1
8	9	4	0	7	6	1	12	-1	-1	-1
8	9	4	0	7	6	5	25	-1	-1	-1
8	9	4	0	7	6	10	1	12	-1	-1
8	9	4	0	7	10	1	6	5	25	-1
8	9	4	0	7	10	1	12	-1	-1	-1
8	9	4	0	7	10	6	1	12	-1	-1
8	9	4	0	7	10	6	5	25	-1	-1
8	9	4	0	11	-1	-1	-1	-1	-1	-1
8	9	4	3	24	-1	-1	-1	-1	-1	-1
8	9	4	3	25	-1	-1	-1	-1	-1	-1
8	9	4	5	6	1	12	-1	-1	-1	-1
8	9	4	5	6	1	23	-1	-1	-1	-1
8	9	4	5	6	7	0	2	24	-1	-1
8	9	4	5	6	7	0	11	-1	-1	-1
8	9	4	5	6	7	10	1	12	-1	-1
8	9	4	5	6	7	10	1	23	-1	-1
8	9	4	5	6	10	1	12	-1	-1	-1
8	9	4	5	6	10	1	23	-1	-1	-1
8	9	4	5	6	10	7	0	2	24	-1
8	9	4	5	6	10	7	0	11	-1	-1
8	9	4	5	25	-1	-1	-1	-1	-1	-1
8	9	10	1	6	5	25	-1	-1	-1	-1
8	9	10	1	6	7	0	2	13	-1	-1
8	9	10	1	6	7	0	4	3	25	-1
8	9	10	1	6	7	0	4	5	25	-1
8	9	10	1	12	-1	-1	-1	-1	-1	-1
8	9	10	1	23	-1	-1	-1	-1	-1	-1
8	9	10	6	1	12	-1	-1	-1	-1	-1
8	9	10	6	1	23	-1	-1	-1	-1	-1
8	9	10	6	5	4	0	2	24	-1	-1
8	9	10	6	5	4	0	11	-1	-1	-1
8	9	10	6	5	4	3	24	-1	-1	-1
8	9	10	6	5	25	-1	-1	-1	-1	-1
8	9	10	6	7	0	2	13	-1	-1	-1
8	9	10	6	7	0	2	24	-1	-1	-1
8	9	10	6	7	0	4	3	24	-1	-1
8	9	10	6	7	0	4	3	25	-1	-1
8	9	10	6	7	0	4	5	25	-1	-1
8	9	10	6	7	0	11	-1	-1	-1	-1
8	9	10	7	0	2	13	-1	-1	-1	-1
8	9	10	7	0	2	24	-1	-1	-1	-1
8	9	10	7	0	4	3	24	-1	-1	-1
8	9	10	7	0	4	3	25	-1	-1	-1
8	9	10	7	0	4	5	6	1	12	-1
8	9	10	7	0	4	5	25	-1	-1	-1
8	9	10	7	0	11	-1	-1	-1	-1	-1
8	9	10	7	6	1	12	-1	-1	-1	-1
8	9	10	7	6	1	23	-1	-1	-1	-1
8	9	10	7	6	5	4	0	2	24	-1
8	9	10	7	6	5	4	0	11	-1	-1
8	9	10	7	6	5	4	3	24	-1	-1
8	9	10	7	6	5	25	-1	-1	-1	-1
9	4	0	2	13	-1	-1	-1	-1	-1	-1
9	4	0	2	24	-1	-1	-1	-1	-1	-1
9	4	0	7	6	1	12	-1	-1	-1	-1
9	4	0	7	6	5	25	-1	-1	-1	-1
9	4	0	7	6	10	1	12	-1	-1	-1
9	4	0	7	8	3	24	-1	-1	-1	-1
9	4	0	7	8	3	25	-1	-1	-1	-1
9	4	0	7	10	1	6	5	25	-1	-1
9	4	0	7	10	1	12	-1	-1	-1	-1
9	4	0	7	10	6	1	12	-1	-1	-1
9	4	0	7	10	6	5	25	-1	-1	-1
9	4	0	11	-1	-1	-1	-1	-1	-1	-1
9	4	3	8	7	0	11	-1	-1	-1	-1
9	4	3	8	7	6	1	23	-1	-1	-1
9	4	3	8	7	6	10	1	23	-1	-1
9	4	3	8	7	10	1	23	-1	-1	-1
9	4	3	8	7	10	6	1	23	-1	-1
9	4	3	24	-1	-1	-1	-1	-1	-1	-1
9	4	3	25	-1	-1	-1	-1	-1	-1	-1
9	4	5	6	1	12	-1	-1	-1	-1	-1
9	4	5	6	1	23	-1	-1	-1	-1	-1
9	4	5	6	7	0	2	24	-1	-1	-1
9	4	5	6	7	0	11	-1	-1	-1	-1
9	4	5	6	7	8	3	24	-1	-1	-1
9	4	5	6	7	10	1	12	-1	-1	-1
9	4	5	6	7	10	1	23	-1	-1	-1
9	4	5	6	10	1	12	-1	-1	-1	-1
9	4	5	6	10	1	23	-1	-1	-1	-1
9	4	5	6	10	7	0	2	24	-1	-1
9	4	5	6	10	7	0	11	-1	-1	-1
9	4	5	6	10	7	8	3	24	-1	-1
9	4	5	25	-1	-1	-1	-1	-1	-1	-1
9	4	8	3	24	-1	-1	-1	-1	-1	-1
9	4	8	3	25	-1	-1	-1	-1	-1	-1
9	4	8	7	0	2	13	-1	-1	-1	-1
9	4	8	7	0	2	24	-1	-1	-1	-1
9	4	8	7	0	11	-1	-1	-1	-1	-1
9	4	8	7	6	1	12	-1	-1	-1	-1
9	4	8	7	6	1	23	-1	-1	-1	-1
9	4	8	7	6	5	25	-1	-1	-1	-1
9	4	8	7	6	10	1	12	-1	-1	-1
9	4	8	7	6	10	1	23	-1	-1	-1
9	4	8	7	10	1	6	5	25	-1	-1
9	4	8	7	10	1	12	-1	-1	-1	-1
9	4	8	7	10	1	23	-1	-1	-1	-1
9	4	8	7	10	6	1	12	-1	-1	-1
9	4	8	7	10	6	1	23	-1	-1	-1
9	4	8	7	10	6	5	25	-1	-1	-1
9	8	3	4	0	11	-1	-1	-1	-1	-1
9	8	3	4	5	6	1	23	-1	-1	-1
9	8	3	4	5	6	7	0	11	-1	-1
9	8	3	4	5	6	7	10	1	23	-1
9	8	3	4	5	6	10	1	23	-1	-1
9	8	3	4	5	6	10	7	0	11	-1
9	8	3	24	-1	-1	-1	-1	-1	-1	-1
9	8	3	25	-1	-1	-1	-1	-1	-1	-1
9	8	4	0	2	13	-1	-1	-1	-1	-1
9	8	4	0	2	24	-1	-1	-1	-1	-1
9	8	4	0	7	6	1	12	-1	-1	-1
9	8	4	0	7	6	5	25	-1	-1	-1
9	8	4	0	7	6	10	1	12	-1	-1
9	8	4	0	7	10	1	6	5	25	-1
9	8	4	0	7	10	1	12	-1	-1	-1
9	8	4	0	7	10	6	1	12	-1	-1
9	8	4	0	7	10	6	5	25	-1	-1
9	8	4	0	11	-1	-1	-1	-1	-1	-1
9	8	4	3	24	-1	-1	-1	-1	-1	-1
9	8	4	3	25	-1	-1	-1	-1	-1	-1
9	8	4	5	6	1	12	-1	-1	-1	-1
9	8	4	5	6	1	23	-1	-1	-1	-1
9	8	4	5	6	7	0	2	24	-1	-1
9	8	4	5	6	7	0	11	-1	-1	-1
9	8	4	5	6	7	10	1	12	-1	-1
9	8	4	5	6	7	10	1	23	-1	-1
9	8	4	5	6	10	1	12	-1	-1	-1
9	8	4	5	6	10	1	23	-1	-1	-1
9	8	4	5	6	10	7	0	2	24	-1
9	8	4	5	6	10	7	0	11	-1	-1
9	8	4	5	25	-1	-1	-1	-1	-1	-1
9	8	7	0	2	13	-1	-1	-1	-1	-1
9	8	7	0	2	24	-1	-1	-1	-1	-1
9	8	7	0	4	3	24	-1	-1	-1	-1
9	8	7	0	4	3	25	-1	-1	-1	-1
9	8	7	0	4	5	6	1	12	-1	-1
9	8	7	0	4	5	6	10	1	12	-1
9	8	7	0	4	5	25	-1	-1	-1	-1
9	8	7	0	11	-1	-1	-1	-1	-1	-1
9	8	7	6	1	12	-1	-1	-1	-1	-1
9	8	7	6	1	23	-1	-1	-1	-1	-1
9	8	7	6	5	4	0	2	24	-1	-1
9	8	7	6	5	4	0	11	-1	-1	-1
9	8	7	6	5	4	3	24	-1	-1	-1
9	8	7	6	5	25	-1	-1	-1	-1	-1
9	8	7	6	10	1	12	-1	-1	-1	-1
9	8	7	6	10	1	23	-1	-1	-1	-1
9	8	7	10	1	6	5	25	-1	-1	-1
9	8	7	10	1	12	-1	-1	-1	-1	-1
9	8	7	10	1	23	-1	-1	-1	-1	-1
9	8	7	10	6	1	12	-1	-1	-1	-1
9	8	7	10	6	1	23	-1	-1	-1	-1
9	8	7	10	6	5	4	0	2	24	-1
9	8	7	10	6	5	4	0	11	-1	-1
9	8	7	10	6	5	4	3	24	-1	-1
9	8	7	10	6	5	25	-1	-1	-1	-1
9	10	1	6	5	25	-1	-1	-1	-1	-1
9	10	1	6	7	0	2	13	-1	-1	-1
9	10	1	6	7	0	4	3	25	-1	-1
9	10	1	6	7	0	4	5	25	-1	-1
9	10	1	6	7	0	4	8	3	25	-1
9	10	1	6	7	8	3	25	-1	-1	-1
9	10	1	6	7	8	4	0	2	13	-1
9	10	1	6	7	8	4	3	25	-1	-1
9	10	1	6	7	8	4	5	25	-1	-1
9	10	1	12	-1	-1	-1	-1	-1	-1	-1
9	10	1	23	-1	-1	-1	-1	-1	-1	-1
9	10	6	1	12	-1	-1	-1	-1	-1	-1
9	10	6	1	23	-1	-1	-1	-1	-1	-1
9	10	6	5	4	0	2	24	-1	-1	-1
9	10	6	5	4	0	7	8	3	24	-1
9	10	6	5	4	0	11	-1	-1	-1	-1
9	10	6	5	4	3	8	7	0	11	-1
9	10	6	5	4	3	24	-1	-1	-1	-1
9	10	6	5	4	8	3	24	-1	-1	-1
9	10	6	5	4	8	7	0	2	24	-1
9	10	6	5	4	8	7	0	11	-1	-1
9	10	6	5	25	-1	-1	-1	-1	-1	-1
9	10	6	7	0	2	13	-1	-1	-1	-1
9	10	6	7	0	2	24	-1	-1	-1	-1
9	10	6	7	0	4	3	24	-1	-1	-1
9	10	6	7	0	4	3	25	-1	-1	-1
9	10	6	7	0	4	5	25	-1	-1	-1
9	10	6	7	0	4	8	3	24	-1	-1
9	10	6	7	0	4	8	3	25	-1	-1
9	10	6	7	0	11	-1	-1	-1	-1	-1
9	10	6	7	8	3	4	0	11	-1	-1
9	10	6	7	8	3	24	-1	-1	-1	-1
9	10	6	7	8	3	25	-1	-1	-1	-1
9	10	6	7	8	4	0	2	13	-1	-1
9	10	6	7	8	4	0	2	24	-1	-1
9	10	6	7	8	4	0	11	-1	-1	-1
9	10	6	7	8	4	3	24	-1	-1	-1
9	10	6	7	8	4	3	25	-1	-1	-1
9	10	6	7	8	4	5	25	-1	-1	-1
9	10	7	0	2	13	-1	-1	-1	-1	-1
9	10	7	0	2	24	-1	-1	-1	-1	-1
9	10	7	0	4	3	24	-1	-1	-1	-1
9	10	7	0	4	3	25	-1	-1	-1	-1
9	10	7	0	4	5	6	1	12	-1	-1
9	10	7	0	4	5	25	-1	-1	-1	-1
9	10	7	0	4	8	3	24	-1	-1	-1
9	10	7	0	4	8	3	25	-1	-1	-1
9	10	7	0	11	-1	-1	-1	-1	-1	-1
9	10	7	6	1	12	-1	-1	-1	-1	-1
9	10	7	6	1	23	-1	-1	-1	-1	-1
9	10	7	6	5	4	0	2	24	-1	-1
9	10	7	6	5	4	0	11	-1	-1	-1
9	10	7	6	5	4	3	24	-1	-1	-1
9	10	7	6	5	4	8	3	24	-1	-1
9	10	7	6	5	25	-1	-1	-1	-1	-1
9	10	7	8	3	4	0	11	-1	-1	-1
9	10	7	8	3	4	5	6	1	23	-1
9	10	7	8	3	24	-1	-1	-1	-1	-1
9	10	7	8	3	25	-1	-1	-1	-1	-1
9	10	7	8	4	0	2	13	-1	-1	-1
9	10	7	8	4	0	2	24	-1	-1	-1
9	10	7	8	4	0	11	-1	-1	-1	-1
9	10	7	8	4	3	24	-1	-1	-1	-1
9	10	7	8	4	3	25	-1	-1	-1	-1
9	10	7	8	4	5	6	1	12	-1	-1
9	10	7	8	4	5	6	1	23	-1	-1
9	10	7	8	4	5	25	-1	-1	-1	-1
10	1	6	5	25	-1	-1	-1	-1	-1	-1
10	1	6	7	0	2	13	-1	-1	-1	-1
10	1	6	7	0	4	3	25	-1	-1	-1
10	1	6	7	0	4	5	25	-1	-1	-1
10	1	6	7	0	4	8	3	25	-1	-1
10	1	6	7	0	4	9	8	3	25	-1
10	1	6	7	8	3	25	-1	-1	-1	-1
10	1	6	7	8	4	0	2	13	-1	-1
10	1	6	7	8	4	3	25	-1	-1	-1
10	1	6	7	8	4	5	25	-1	-1	-1
10	1	6	7	8	9	4	0	2	13	-1
10	1	6	7	8	9	4	3	25	-1	-1
10	1	6	7	8	9	4	5	25	-1	-1
10	1	12	-1	-1	-1	-1	-1	-1	-1	-1
10	1	23	-1	-1	-1	-1	-1	-1	-1	-1
10	6	1	12	-1	-1	-1	-1	-1	-1	-1
10	6	1	23	-1	-1	-1	-1	-1	-1	-1
10	6	5	4	0	2	24	-1	-1	-1	-1
10	6	5	4	0	7	8	3	24	-1	-1
10	6	5	4	0	11	-1	-1	-1	-1	-1
10	6	5	4	3	8	7	0	11	-1	-1
10	6	5	4	3	24	-1	-1	-1	-1	-1
10	6	5	4	8	3	24	-1	-1	-1	-1
10	6	5	4	8	7	0	2	24	-1	-1
10	6	5	4	8	7	0	11	-1	-1	-1
10	6	5	4	9	8	3	24	-1	-1	-1
10	6	5	4	9	8	7	0	2	24	-1
10	6	5	4	9	8	7	0	11	-1	-1
10	6	5	25	-1	-1	-1	-1	-1	-1	-1
10	6	7	0	2	13	-1	-1	-1	-1	-1
10	6	7	0	2	24	-1	-1	-1	-1	-1
10	6	7	0	4	3	24	-1	-1	-1	-1
10	6	7	0	4	3	25	-1	-1	-1	-1
10	6	7	0	4	5	25	-1	-1	-1	-1
10	6	7	0	4	8	3	24	-1	-1	-1
10	6	7	0	4	8	3	25	-1	-1	-1
10	6	7	0	4	9	8	3	24	-1	-1
10	6	7	0	4	9	8	3	25	-1	-1
10	6	7	0	11	-1	-1	-1	-1	-1	-1
10	6	7	8	3	4	0	11	-1	-1	-1
10	6	7	8	3	24	-1	-1	-1	-1	-1
10	6	7	8	3	25	-1	-1	-1	-1	-1
10	6	7	8	4	0	2	13	-1	-1	-1
10	6	7	8	4	0	2	24	-1	-1	-1
10	6	7	8	4	0	11	-1	-1	-1	-1
10	6	7	8	4	3	24	-1	-1	-1	-1
10	6	7	8	4	3	25	-1	-1	-1	-1
10	6	7	8	4	5	25	-1	-1	-1	-1
10	6	7	8	9	4	0	2	13	-1	-1
10	6	7	8	9	4	0	2	24	-1	-1
10	6	7	8	9	4	0	11	-1	-1	-1
10	6	7	8	9	4	3	24	-1	-1	-1
10	6	7	8	9	4	3	25	-1	-1	-1
10	6	7	8	9	4	5	25	-1	-1	-1
10	7	0	2	13	-1	-1	-1	-1	-1	-1
10	7	0	2	24	-1	-1	-1	-1	-1	-1
10	7	0	4	3	24	-1	-1	-1	-1	-1
10	7	0	4	3	25	-1	-1	-1	-1	-1
10	7	0	4	5	6	1	12	-1	-1	-1
10	7	0	4	5	25	-1	-1	-1	-1	-1
10	7	0	4	8	3	24	-1	-1	-1	-1
10	7	0	4	8	3	25	-1	-1	-1	-1
10	7	0	4	9	8	3	24	-1	-1	-1
10	7	0	4	9	8	3	25	-1	-1	-1
10	7	0	11	-1	-1	-1	-1	-1	-1	-1
10	7	6	1	12	-1	-1	-1	-1	-1	-1
10	7	6	1	23	-1	-1	-1	-1	-1	-1
10	7	6	5	4	0	2	24	-1	-1	-1
10	7	6	5	4	0	11	-1	-1	-1	-1
10	7	6	5	4	3	24	-1	-1	-1	-1
10	7	6	5	4	8	3	24	-1	-1	-1
10	7	6	5	4	9	8	3	24	-1	-1
10	7	6	5	25	-1	-1	-1	-1	-1	-1
10	7	8	3	4	0	11	-1	-1	-1	-1
10	7	8	3	4	5	6	1	23	-1	-1
10	7	8	3	24	-1	-1	-1	-1	-1	-1
10	7	8	3	25	-1	-1	-1	-1	-1	-1
10	7	8	4	0	2	13	-1	-1	-1	-1
10	7	8	4	0	2	24	-1	-1	-1	-1
10	7	8	4	0	11	-1	-1	-1	-1	-1
10	7	8	4	3	24	-1	-1	-1	-1	-1
10	7	8	4	3	25	-1	-1	-1	-1	-1
10	7	8	4	5	6	1	12	-1	-1	-1
10	7	8	4	5	6	1	23	-1	-1	-1
10	7	8	4	5	25	-1	-1	-1	-1	-1
10	7	8	9	4	0	2	13	-1	-1	-1
10	7	8	9	4	0	2	24	-1	-1	-1
10	7	8	9	4	0	11	-1	-1	-1	-1
10	7	8	9	4	3	24	-1	-1	-1	-1
10	7	8	9	4	3	25	-1	-1	-1	-1
10	7	8	9	4	5	6	1	12	-1	-1
10	7	8	9	4	5	6	1	23	-1	-1
10	7	8	9	4	5	25	-1	-1	-1	-1
10	9	4	0	2	13	-1	-1	-1	-1	-1
10	9	4	0	2	24	-1	-1	-1	-1	-1
10	9	4	0	7	6	1	12	-1	-1	-1
10	9	4	0	7	6	5	25	-1	-1	-1
10	9	4	0	7	8	3	24	-1	-1	-1
10	9	4	0	7	8	3	25	-1	-1	-1
10	9	4	0	11	-1	-1	-1	-1	-1	-1
10	9	4	3	8	7	0	11	-1	-1	-1
10	9	4	3	8	7	6	1	23	-1	-1
10	9	4	3	24	-1	-1	-1	-1	-1	-1
10	9	4	3	25	-1	-1	-1	-1	-1	-1
10	9	4	5	6	1	12	-1	-1	-1	-1
10	9	4	5	6	1	23	-1	-1	-1	-1
10	9	4	5	6	7	0	2	24	-1	-1
10	9	4	5	6	7	0	11	-1	-1	-1
10	9	4	5	6	7	8	3	24	-1	-1
10	9	4	5	25	-1	-1	-1	-1	-1	-1
10	9	4	8	3	24	-1	-1	-1	-1	-1
10	9	4	8	3	25	-1	-1	-1	-1	-1
10	9	4	8	7	0	2	13	-1	-1	-1
10	9	4	8	7	0	2	24	-1	-1	-1
10	9	4	8	7	0	11	-1	-1	-1	-1
10	9	4	8	7	6	1	12	-1	-1	-1
10	9	4	8	7	6	1	23	-1	-1	-1
10	9	4	8	7	6	5	25	-1	-1	-1
10	9	8	3	4	0	11	-1	-1	-1	-1
10	9	8	3	4	5	6	1	23	-1	-1
10	9	8	3	4	5	6	7	0	11	-1
10	9	8	3	24	-1	-1	-1	-1	-1	-1
10	9	8	3	25	-1	-1	-1	-1	-1	-1
10	9	8	4	0	2	13	-1	-1	-1	-1
10	9	8	4	0	2	24	-1	-1	-1	-1
10	9	8	4	0	7	6	1	12	-1	-1
10	9	8	4	0	7	6	5	25	-1	-1
10	9	8	4	0	11	-1	-1	-1	-1	-1
10	9	8	4	3	24	-1	-1	-1	-1	-1
10	9	8	4	3	25	-1	-1	-1	-1	-1
10	9	8	4	5	6	1	12	-1	-1	-1
10	9	8	4	5	6	1	23	-1	-1	-1
10	9	8	4	5	6	7	0	2	24	-1
10	9	8	4	5	6	7	0	11	-1	-1
10	9	8	4	5	25	-1	-1	-1	-1	-1
10	9	8	7	0	2	13	-1	-1	-1	-1
10	9	8	7	0	2	24	-1	-1	-1	-1
10	9	8	7	0	4	3	24	-1	-1	-1
10	9	8	7	0	4	3	25	-1	-1	-1
10	9	8	7	0	4	5	6	1	12	-1
10	9	8	7	0	4	5	25	-1	-1	-1
10	9	8	7	0	11	-1	-1	-1	-1	-1
10	9	8	7	6	1	12	-1	-1	-1	-1
10	9	8	7	6	1	23	-1	-1	-1	-1
10	9	8	7	6	5	4	0	2	24	-1
10	9	8	7	6	5	4	0	11	-1	-1
10	9	8	7	6	5	4	3	24	-1	-1
10	9	8	7	6	5	25	-1	-1	-1	-1
